ArrayTaskID	BurnInType	GenomeSize	ScalingFactor	BurnInRep	DomCoeff	SimRep
1	5	1e5	1000	1	0.5	1
2	5	1e5	1000	2	0.5	1
3	5	1e5	500	1	0.5	1
4	5	1e5	500	2	0.5	1
5	5	1e5	100	1	0.5	1
6	5	1e5	100	2	0.5	1
7	10	1e5	1000	1	0.5	1
8	10	1e5	1000	2	0.5	1
9	10	1e5	500	1	0.5	1
10	10	1e5	500	2	0.5	1
11	10	1e5	100	1	0.5	1
12	10	1e5	100	2	0.5	1
13	20	1e5	1000	1	0.5	1
14	20	1e5	1000	2	0.5	1
15	20	1e5	500	1	0.5	1
16	20	1e5	500	2	0.5	1
17	20	1e5	100	1	0.5	1
18	20	1e5	100	2	0.5	1
19	Coal	1e5	1000	1	0.5	1
20	Coal	1e5	1000	2	0.5	1
21	Coal	1e5	500	1	0.5	1
22	Coal	1e5	500	2	0.5	1
23	Coal	1e5	100	1	0.5	1
24	Coal	1e5	100	2	0.5	1
25	Recap	1e5	1000	1	0.5	1
26	Recap	1e5	1000	2	0.5	1
27	Recap	1e5	500	1	0.5	1
28	Recap	1e5	500	2	0.5	1
29	Recap	1e5	100	1	0.5	1
30	Recap	1e5	100	2	0.5	1
31	5	1e5	1000	1	0.5	2
32	5	1e5	1000	2	0.5	2
33	5	1e5	500	1	0.5	2
34	5	1e5	500	2	0.5	2
35	5	1e5	100	1	0.5	2
36	5	1e5	100	2	0.5	2
37	10	1e5	1000	1	0.5	2
38	10	1e5	1000	2	0.5	2
39	10	1e5	500	1	0.5	2
40	10	1e5	500	2	0.5	2
41	10	1e5	100	1	0.5	2
42	10	1e5	100	2	0.5	2
43	20	1e5	1000	1	0.5	2
44	20	1e5	1000	2	0.5	2
45	20	1e5	500	1	0.5	2
46	20	1e5	500	2	0.5	2
47	20	1e5	100	1	0.5	2
48	20	1e5	100	2	0.5	2
49	Coal	1e5	1000	1	0.5	2
50	Coal	1e5	1000	2	0.5	2
51	Coal	1e5	500	1	0.5	2
52	Coal	1e5	500	2	0.5	2
53	Coal	1e5	100	1	0.5	2
54	Coal	1e5	100	2	0.5	2
55	Recap	1e5	1000	1	0.5	2
56	Recap	1e5	1000	2	0.5	2
57	Recap	1e5	500	1	0.5	2
58	Recap	1e5	500	2	0.5	2
59	Recap	1e5	100	1	0.5	2
60	Recap	1e5	100	2	0.5	2
61	5	1e5	1000	1	0.5	3
62	5	1e5	1000	2	0.5	3
63	5	1e5	500	1	0.5	3
64	5	1e5	500	2	0.5	3
65	5	1e5	100	1	0.5	3
66	5	1e5	100	2	0.5	3
67	10	1e5	1000	1	0.5	3
68	10	1e5	1000	2	0.5	3
69	10	1e5	500	1	0.5	3
70	10	1e5	500	2	0.5	3
71	10	1e5	100	1	0.5	3
72	10	1e5	100	2	0.5	3
73	20	1e5	1000	1	0.5	3
74	20	1e5	1000	2	0.5	3
75	20	1e5	500	1	0.5	3
76	20	1e5	500	2	0.5	3
77	20	1e5	100	1	0.5	3
78	20	1e5	100	2	0.5	3
79	Coal	1e5	1000	1	0.5	3
80	Coal	1e5	1000	2	0.5	3
81	Coal	1e5	500	1	0.5	3
82	Coal	1e5	500	2	0.5	3
83	Coal	1e5	100	1	0.5	3
84	Coal	1e5	100	2	0.5	3
85	Recap	1e5	1000	1	0.5	3
86	Recap	1e5	1000	2	0.5	3
87	Recap	1e5	500	1	0.5	3
88	Recap	1e5	500	2	0.5	3
89	Recap	1e5	100	1	0.5	3
90	Recap	1e5	100	2	0.5	3
91	5	1e5	1000	1	0.5	4
92	5	1e5	1000	2	0.5	4
93	5	1e5	500	1	0.5	4
94	5	1e5	500	2	0.5	4
95	5	1e5	100	1	0.5	4
96	5	1e5	100	2	0.5	4
97	10	1e5	1000	1	0.5	4
98	10	1e5	1000	2	0.5	4
99	10	1e5	500	1	0.5	4
100	10	1e5	500	2	0.5	4
101	10	1e5	100	1	0.5	4
102	10	1e5	100	2	0.5	4
103	20	1e5	1000	1	0.5	4
104	20	1e5	1000	2	0.5	4
105	20	1e5	500	1	0.5	4
106	20	1e5	500	2	0.5	4
107	20	1e5	100	1	0.5	4
108	20	1e5	100	2	0.5	4
109	Coal	1e5	1000	1	0.5	4
110	Coal	1e5	1000	2	0.5	4
111	Coal	1e5	500	1	0.5	4
112	Coal	1e5	500	2	0.5	4
113	Coal	1e5	100	1	0.5	4
114	Coal	1e5	100	2	0.5	4
115	Recap	1e5	1000	1	0.5	4
116	Recap	1e5	1000	2	0.5	4
117	Recap	1e5	500	1	0.5	4
118	Recap	1e5	500	2	0.5	4
119	Recap	1e5	100	1	0.5	4
120	Recap	1e5	100	2	0.5	4
121	5	1e5	1000	1	0.5	5
122	5	1e5	1000	2	0.5	5
123	5	1e5	500	1	0.5	5
124	5	1e5	500	2	0.5	5
125	5	1e5	100	1	0.5	5
126	5	1e5	100	2	0.5	5
127	10	1e5	1000	1	0.5	5
128	10	1e5	1000	2	0.5	5
129	10	1e5	500	1	0.5	5
130	10	1e5	500	2	0.5	5
131	10	1e5	100	1	0.5	5
132	10	1e5	100	2	0.5	5
133	20	1e5	1000	1	0.5	5
134	20	1e5	1000	2	0.5	5
135	20	1e5	500	1	0.5	5
136	20	1e5	500	2	0.5	5
137	20	1e5	100	1	0.5	5
138	20	1e5	100	2	0.5	5
139	Coal	1e5	1000	1	0.5	5
140	Coal	1e5	1000	2	0.5	5
141	Coal	1e5	500	1	0.5	5
142	Coal	1e5	500	2	0.5	5
143	Coal	1e5	100	1	0.5	5
144	Coal	1e5	100	2	0.5	5
145	Recap	1e5	1000	1	0.5	5
146	Recap	1e5	1000	2	0.5	5
147	Recap	1e5	500	1	0.5	5
148	Recap	1e5	500	2	0.5	5
149	Recap	1e5	100	1	0.5	5
150	Recap	1e5	100	2	0.5	5
151	5	1e5	1000	1	0.5	6
152	5	1e5	1000	2	0.5	6
153	5	1e5	500	1	0.5	6
154	5	1e5	500	2	0.5	6
155	5	1e5	100	1	0.5	6
156	5	1e5	100	2	0.5	6
157	10	1e5	1000	1	0.5	6
158	10	1e5	1000	2	0.5	6
159	10	1e5	500	1	0.5	6
160	10	1e5	500	2	0.5	6
161	10	1e5	100	1	0.5	6
162	10	1e5	100	2	0.5	6
163	20	1e5	1000	1	0.5	6
164	20	1e5	1000	2	0.5	6
165	20	1e5	500	1	0.5	6
166	20	1e5	500	2	0.5	6
167	20	1e5	100	1	0.5	6
168	20	1e5	100	2	0.5	6
169	Coal	1e5	1000	1	0.5	6
170	Coal	1e5	1000	2	0.5	6
171	Coal	1e5	500	1	0.5	6
172	Coal	1e5	500	2	0.5	6
173	Coal	1e5	100	1	0.5	6
174	Coal	1e5	100	2	0.5	6
175	Recap	1e5	1000	1	0.5	6
176	Recap	1e5	1000	2	0.5	6
177	Recap	1e5	500	1	0.5	6
178	Recap	1e5	500	2	0.5	6
179	Recap	1e5	100	1	0.5	6
180	Recap	1e5	100	2	0.5	6
181	5	1e5	1000	1	0.5	7
182	5	1e5	1000	2	0.5	7
183	5	1e5	500	1	0.5	7
184	5	1e5	500	2	0.5	7
185	5	1e5	100	1	0.5	7
186	5	1e5	100	2	0.5	7
187	10	1e5	1000	1	0.5	7
188	10	1e5	1000	2	0.5	7
189	10	1e5	500	1	0.5	7
190	10	1e5	500	2	0.5	7
191	10	1e5	100	1	0.5	7
192	10	1e5	100	2	0.5	7
193	20	1e5	1000	1	0.5	7
194	20	1e5	1000	2	0.5	7
195	20	1e5	500	1	0.5	7
196	20	1e5	500	2	0.5	7
197	20	1e5	100	1	0.5	7
198	20	1e5	100	2	0.5	7
199	Coal	1e5	1000	1	0.5	7
200	Coal	1e5	1000	2	0.5	7
201	Coal	1e5	500	1	0.5	7
202	Coal	1e5	500	2	0.5	7
203	Coal	1e5	100	1	0.5	7
204	Coal	1e5	100	2	0.5	7
205	Recap	1e5	1000	1	0.5	7
206	Recap	1e5	1000	2	0.5	7
207	Recap	1e5	500	1	0.5	7
208	Recap	1e5	500	2	0.5	7
209	Recap	1e5	100	1	0.5	7
210	Recap	1e5	100	2	0.5	7
211	5	1e5	1000	1	0.5	8
212	5	1e5	1000	2	0.5	8
213	5	1e5	500	1	0.5	8
214	5	1e5	500	2	0.5	8
215	5	1e5	100	1	0.5	8
216	5	1e5	100	2	0.5	8
217	10	1e5	1000	1	0.5	8
218	10	1e5	1000	2	0.5	8
219	10	1e5	500	1	0.5	8
220	10	1e5	500	2	0.5	8
221	10	1e5	100	1	0.5	8
222	10	1e5	100	2	0.5	8
223	20	1e5	1000	1	0.5	8
224	20	1e5	1000	2	0.5	8
225	20	1e5	500	1	0.5	8
226	20	1e5	500	2	0.5	8
227	20	1e5	100	1	0.5	8
228	20	1e5	100	2	0.5	8
229	Coal	1e5	1000	1	0.5	8
230	Coal	1e5	1000	2	0.5	8
231	Coal	1e5	500	1	0.5	8
232	Coal	1e5	500	2	0.5	8
233	Coal	1e5	100	1	0.5	8
234	Coal	1e5	100	2	0.5	8
235	Recap	1e5	1000	1	0.5	8
236	Recap	1e5	1000	2	0.5	8
237	Recap	1e5	500	1	0.5	8
238	Recap	1e5	500	2	0.5	8
239	Recap	1e5	100	1	0.5	8
240	Recap	1e5	100	2	0.5	8
241	5	1e5	1000	1	0.5	9
242	5	1e5	1000	2	0.5	9
243	5	1e5	500	1	0.5	9
244	5	1e5	500	2	0.5	9
245	5	1e5	100	1	0.5	9
246	5	1e5	100	2	0.5	9
247	10	1e5	1000	1	0.5	9
248	10	1e5	1000	2	0.5	9
249	10	1e5	500	1	0.5	9
250	10	1e5	500	2	0.5	9
251	10	1e5	100	1	0.5	9
252	10	1e5	100	2	0.5	9
253	20	1e5	1000	1	0.5	9
254	20	1e5	1000	2	0.5	9
255	20	1e5	500	1	0.5	9
256	20	1e5	500	2	0.5	9
257	20	1e5	100	1	0.5	9
258	20	1e5	100	2	0.5	9
259	Coal	1e5	1000	1	0.5	9
260	Coal	1e5	1000	2	0.5	9
261	Coal	1e5	500	1	0.5	9
262	Coal	1e5	500	2	0.5	9
263	Coal	1e5	100	1	0.5	9
264	Coal	1e5	100	2	0.5	9
265	Recap	1e5	1000	1	0.5	9
266	Recap	1e5	1000	2	0.5	9
267	Recap	1e5	500	1	0.5	9
268	Recap	1e5	500	2	0.5	9
269	Recap	1e5	100	1	0.5	9
270	Recap	1e5	100	2	0.5	9
271	5	1e5	1000	1	0.5	10
272	5	1e5	1000	2	0.5	10
273	5	1e5	500	1	0.5	10
274	5	1e5	500	2	0.5	10
275	5	1e5	100	1	0.5	10
276	5	1e5	100	2	0.5	10
277	10	1e5	1000	1	0.5	10
278	10	1e5	1000	2	0.5	10
279	10	1e5	500	1	0.5	10
280	10	1e5	500	2	0.5	10
281	10	1e5	100	1	0.5	10
282	10	1e5	100	2	0.5	10
283	20	1e5	1000	1	0.5	10
284	20	1e5	1000	2	0.5	10
285	20	1e5	500	1	0.5	10
286	20	1e5	500	2	0.5	10
287	20	1e5	100	1	0.5	10
288	20	1e5	100	2	0.5	10
289	Coal	1e5	1000	1	0.5	10
290	Coal	1e5	1000	2	0.5	10
291	Coal	1e5	500	1	0.5	10
292	Coal	1e5	500	2	0.5	10
293	Coal	1e5	100	1	0.5	10
294	Coal	1e5	100	2	0.5	10
295	Recap	1e5	1000	1	0.5	10
296	Recap	1e5	1000	2	0.5	10
297	Recap	1e5	500	1	0.5	10
298	Recap	1e5	500	2	0.5	10
299	Recap	1e5	100	1	0.5	10
300	Recap	1e5	100	2	0.5	10
301	5	1e5	1000	1	0.5	11
302	5	1e5	1000	2	0.5	11
303	5	1e5	500	1	0.5	11
304	5	1e5	500	2	0.5	11
305	5	1e5	100	1	0.5	11
306	5	1e5	100	2	0.5	11
307	10	1e5	1000	1	0.5	11
308	10	1e5	1000	2	0.5	11
309	10	1e5	500	1	0.5	11
310	10	1e5	500	2	0.5	11
311	10	1e5	100	1	0.5	11
312	10	1e5	100	2	0.5	11
313	20	1e5	1000	1	0.5	11
314	20	1e5	1000	2	0.5	11
315	20	1e5	500	1	0.5	11
316	20	1e5	500	2	0.5	11
317	20	1e5	100	1	0.5	11
318	20	1e5	100	2	0.5	11
319	Coal	1e5	1000	1	0.5	11
320	Coal	1e5	1000	2	0.5	11
321	Coal	1e5	500	1	0.5	11
322	Coal	1e5	500	2	0.5	11
323	Coal	1e5	100	1	0.5	11
324	Coal	1e5	100	2	0.5	11
325	Recap	1e5	1000	1	0.5	11
326	Recap	1e5	1000	2	0.5	11
327	Recap	1e5	500	1	0.5	11
328	Recap	1e5	500	2	0.5	11
329	Recap	1e5	100	1	0.5	11
330	Recap	1e5	100	2	0.5	11
331	5	1e5	1000	1	0.5	12
332	5	1e5	1000	2	0.5	12
333	5	1e5	500	1	0.5	12
334	5	1e5	500	2	0.5	12
335	5	1e5	100	1	0.5	12
336	5	1e5	100	2	0.5	12
337	10	1e5	1000	1	0.5	12
338	10	1e5	1000	2	0.5	12
339	10	1e5	500	1	0.5	12
340	10	1e5	500	2	0.5	12
341	10	1e5	100	1	0.5	12
342	10	1e5	100	2	0.5	12
343	20	1e5	1000	1	0.5	12
344	20	1e5	1000	2	0.5	12
345	20	1e5	500	1	0.5	12
346	20	1e5	500	2	0.5	12
347	20	1e5	100	1	0.5	12
348	20	1e5	100	2	0.5	12
349	Coal	1e5	1000	1	0.5	12
350	Coal	1e5	1000	2	0.5	12
351	Coal	1e5	500	1	0.5	12
352	Coal	1e5	500	2	0.5	12
353	Coal	1e5	100	1	0.5	12
354	Coal	1e5	100	2	0.5	12
355	Recap	1e5	1000	1	0.5	12
356	Recap	1e5	1000	2	0.5	12
357	Recap	1e5	500	1	0.5	12
358	Recap	1e5	500	2	0.5	12
359	Recap	1e5	100	1	0.5	12
360	Recap	1e5	100	2	0.5	12
361	5	1e5	1000	1	0.5	13
362	5	1e5	1000	2	0.5	13
363	5	1e5	500	1	0.5	13
364	5	1e5	500	2	0.5	13
365	5	1e5	100	1	0.5	13
366	5	1e5	100	2	0.5	13
367	10	1e5	1000	1	0.5	13
368	10	1e5	1000	2	0.5	13
369	10	1e5	500	1	0.5	13
370	10	1e5	500	2	0.5	13
371	10	1e5	100	1	0.5	13
372	10	1e5	100	2	0.5	13
373	20	1e5	1000	1	0.5	13
374	20	1e5	1000	2	0.5	13
375	20	1e5	500	1	0.5	13
376	20	1e5	500	2	0.5	13
377	20	1e5	100	1	0.5	13
378	20	1e5	100	2	0.5	13
379	Coal	1e5	1000	1	0.5	13
380	Coal	1e5	1000	2	0.5	13
381	Coal	1e5	500	1	0.5	13
382	Coal	1e5	500	2	0.5	13
383	Coal	1e5	100	1	0.5	13
384	Coal	1e5	100	2	0.5	13
385	Recap	1e5	1000	1	0.5	13
386	Recap	1e5	1000	2	0.5	13
387	Recap	1e5	500	1	0.5	13
388	Recap	1e5	500	2	0.5	13
389	Recap	1e5	100	1	0.5	13
390	Recap	1e5	100	2	0.5	13
391	5	1e5	1000	1	0.5	14
392	5	1e5	1000	2	0.5	14
393	5	1e5	500	1	0.5	14
394	5	1e5	500	2	0.5	14
395	5	1e5	100	1	0.5	14
396	5	1e5	100	2	0.5	14
397	10	1e5	1000	1	0.5	14
398	10	1e5	1000	2	0.5	14
399	10	1e5	500	1	0.5	14
400	10	1e5	500	2	0.5	14
401	10	1e5	100	1	0.5	14
402	10	1e5	100	2	0.5	14
403	20	1e5	1000	1	0.5	14
404	20	1e5	1000	2	0.5	14
405	20	1e5	500	1	0.5	14
406	20	1e5	500	2	0.5	14
407	20	1e5	100	1	0.5	14
408	20	1e5	100	2	0.5	14
409	Coal	1e5	1000	1	0.5	14
410	Coal	1e5	1000	2	0.5	14
411	Coal	1e5	500	1	0.5	14
412	Coal	1e5	500	2	0.5	14
413	Coal	1e5	100	1	0.5	14
414	Coal	1e5	100	2	0.5	14
415	Recap	1e5	1000	1	0.5	14
416	Recap	1e5	1000	2	0.5	14
417	Recap	1e5	500	1	0.5	14
418	Recap	1e5	500	2	0.5	14
419	Recap	1e5	100	1	0.5	14
420	Recap	1e5	100	2	0.5	14
421	5	1e5	1000	1	0.5	15
422	5	1e5	1000	2	0.5	15
423	5	1e5	500	1	0.5	15
424	5	1e5	500	2	0.5	15
425	5	1e5	100	1	0.5	15
426	5	1e5	100	2	0.5	15
427	10	1e5	1000	1	0.5	15
428	10	1e5	1000	2	0.5	15
429	10	1e5	500	1	0.5	15
430	10	1e5	500	2	0.5	15
431	10	1e5	100	1	0.5	15
432	10	1e5	100	2	0.5	15
433	20	1e5	1000	1	0.5	15
434	20	1e5	1000	2	0.5	15
435	20	1e5	500	1	0.5	15
436	20	1e5	500	2	0.5	15
437	20	1e5	100	1	0.5	15
438	20	1e5	100	2	0.5	15
439	Coal	1e5	1000	1	0.5	15
440	Coal	1e5	1000	2	0.5	15
441	Coal	1e5	500	1	0.5	15
442	Coal	1e5	500	2	0.5	15
443	Coal	1e5	100	1	0.5	15
444	Coal	1e5	100	2	0.5	15
445	Recap	1e5	1000	1	0.5	15
446	Recap	1e5	1000	2	0.5	15
447	Recap	1e5	500	1	0.5	15
448	Recap	1e5	500	2	0.5	15
449	Recap	1e5	100	1	0.5	15
450	Recap	1e5	100	2	0.5	15
451	5	1e5	1000	1	0.5	16
452	5	1e5	1000	2	0.5	16
453	5	1e5	500	1	0.5	16
454	5	1e5	500	2	0.5	16
455	5	1e5	100	1	0.5	16
456	5	1e5	100	2	0.5	16
457	10	1e5	1000	1	0.5	16
458	10	1e5	1000	2	0.5	16
459	10	1e5	500	1	0.5	16
460	10	1e5	500	2	0.5	16
461	10	1e5	100	1	0.5	16
462	10	1e5	100	2	0.5	16
463	20	1e5	1000	1	0.5	16
464	20	1e5	1000	2	0.5	16
465	20	1e5	500	1	0.5	16
466	20	1e5	500	2	0.5	16
467	20	1e5	100	1	0.5	16
468	20	1e5	100	2	0.5	16
469	Coal	1e5	1000	1	0.5	16
470	Coal	1e5	1000	2	0.5	16
471	Coal	1e5	500	1	0.5	16
472	Coal	1e5	500	2	0.5	16
473	Coal	1e5	100	1	0.5	16
474	Coal	1e5	100	2	0.5	16
475	Recap	1e5	1000	1	0.5	16
476	Recap	1e5	1000	2	0.5	16
477	Recap	1e5	500	1	0.5	16
478	Recap	1e5	500	2	0.5	16
479	Recap	1e5	100	1	0.5	16
480	Recap	1e5	100	2	0.5	16
481	5	1e5	1000	1	0.5	17
482	5	1e5	1000	2	0.5	17
483	5	1e5	500	1	0.5	17
484	5	1e5	500	2	0.5	17
485	5	1e5	100	1	0.5	17
486	5	1e5	100	2	0.5	17
487	10	1e5	1000	1	0.5	17
488	10	1e5	1000	2	0.5	17
489	10	1e5	500	1	0.5	17
490	10	1e5	500	2	0.5	17
491	10	1e5	100	1	0.5	17
492	10	1e5	100	2	0.5	17
493	20	1e5	1000	1	0.5	17
494	20	1e5	1000	2	0.5	17
495	20	1e5	500	1	0.5	17
496	20	1e5	500	2	0.5	17
497	20	1e5	100	1	0.5	17
498	20	1e5	100	2	0.5	17
499	Coal	1e5	1000	1	0.5	17
500	Coal	1e5	1000	2	0.5	17
501	Coal	1e5	500	1	0.5	17
502	Coal	1e5	500	2	0.5	17
503	Coal	1e5	100	1	0.5	17
504	Coal	1e5	100	2	0.5	17
505	Recap	1e5	1000	1	0.5	17
506	Recap	1e5	1000	2	0.5	17
507	Recap	1e5	500	1	0.5	17
508	Recap	1e5	500	2	0.5	17
509	Recap	1e5	100	1	0.5	17
510	Recap	1e5	100	2	0.5	17
511	5	1e5	1000	1	0.5	18
512	5	1e5	1000	2	0.5	18
513	5	1e5	500	1	0.5	18
514	5	1e5	500	2	0.5	18
515	5	1e5	100	1	0.5	18
516	5	1e5	100	2	0.5	18
517	10	1e5	1000	1	0.5	18
518	10	1e5	1000	2	0.5	18
519	10	1e5	500	1	0.5	18
520	10	1e5	500	2	0.5	18
521	10	1e5	100	1	0.5	18
522	10	1e5	100	2	0.5	18
523	20	1e5	1000	1	0.5	18
524	20	1e5	1000	2	0.5	18
525	20	1e5	500	1	0.5	18
526	20	1e5	500	2	0.5	18
527	20	1e5	100	1	0.5	18
528	20	1e5	100	2	0.5	18
529	Coal	1e5	1000	1	0.5	18
530	Coal	1e5	1000	2	0.5	18
531	Coal	1e5	500	1	0.5	18
532	Coal	1e5	500	2	0.5	18
533	Coal	1e5	100	1	0.5	18
534	Coal	1e5	100	2	0.5	18
535	Recap	1e5	1000	1	0.5	18
536	Recap	1e5	1000	2	0.5	18
537	Recap	1e5	500	1	0.5	18
538	Recap	1e5	500	2	0.5	18
539	Recap	1e5	100	1	0.5	18
540	Recap	1e5	100	2	0.5	18
541	5	1e5	1000	1	0.5	19
542	5	1e5	1000	2	0.5	19
543	5	1e5	500	1	0.5	19
544	5	1e5	500	2	0.5	19
545	5	1e5	100	1	0.5	19
546	5	1e5	100	2	0.5	19
547	10	1e5	1000	1	0.5	19
548	10	1e5	1000	2	0.5	19
549	10	1e5	500	1	0.5	19
550	10	1e5	500	2	0.5	19
551	10	1e5	100	1	0.5	19
552	10	1e5	100	2	0.5	19
553	20	1e5	1000	1	0.5	19
554	20	1e5	1000	2	0.5	19
555	20	1e5	500	1	0.5	19
556	20	1e5	500	2	0.5	19
557	20	1e5	100	1	0.5	19
558	20	1e5	100	2	0.5	19
559	Coal	1e5	1000	1	0.5	19
560	Coal	1e5	1000	2	0.5	19
561	Coal	1e5	500	1	0.5	19
562	Coal	1e5	500	2	0.5	19
563	Coal	1e5	100	1	0.5	19
564	Coal	1e5	100	2	0.5	19
565	Recap	1e5	1000	1	0.5	19
566	Recap	1e5	1000	2	0.5	19
567	Recap	1e5	500	1	0.5	19
568	Recap	1e5	500	2	0.5	19
569	Recap	1e5	100	1	0.5	19
570	Recap	1e5	100	2	0.5	19
571	5	1e5	1000	1	0.5	20
572	5	1e5	1000	2	0.5	20
573	5	1e5	500	1	0.5	20
574	5	1e5	500	2	0.5	20
575	5	1e5	100	1	0.5	20
576	5	1e5	100	2	0.5	20
577	10	1e5	1000	1	0.5	20
578	10	1e5	1000	2	0.5	20
579	10	1e5	500	1	0.5	20
580	10	1e5	500	2	0.5	20
581	10	1e5	100	1	0.5	20
582	10	1e5	100	2	0.5	20
583	20	1e5	1000	1	0.5	20
584	20	1e5	1000	2	0.5	20
585	20	1e5	500	1	0.5	20
586	20	1e5	500	2	0.5	20
587	20	1e5	100	1	0.5	20
588	20	1e5	100	2	0.5	20
589	Coal	1e5	1000	1	0.5	20
590	Coal	1e5	1000	2	0.5	20
591	Coal	1e5	500	1	0.5	20
592	Coal	1e5	500	2	0.5	20
593	Coal	1e5	100	1	0.5	20
594	Coal	1e5	100	2	0.5	20
595	Recap	1e5	1000	1	0.5	20
596	Recap	1e5	1000	2	0.5	20
597	Recap	1e5	500	1	0.5	20
598	Recap	1e5	500	2	0.5	20
599	Recap	1e5	100	1	0.5	20
600	Recap	1e5	100	2	0.5	20
601	5	1e5	1000	1	0.5	21
602	5	1e5	1000	2	0.5	21
603	5	1e5	500	1	0.5	21
604	5	1e5	500	2	0.5	21
605	5	1e5	100	1	0.5	21
606	5	1e5	100	2	0.5	21
607	10	1e5	1000	1	0.5	21
608	10	1e5	1000	2	0.5	21
609	10	1e5	500	1	0.5	21
610	10	1e5	500	2	0.5	21
611	10	1e5	100	1	0.5	21
612	10	1e5	100	2	0.5	21
613	20	1e5	1000	1	0.5	21
614	20	1e5	1000	2	0.5	21
615	20	1e5	500	1	0.5	21
616	20	1e5	500	2	0.5	21
617	20	1e5	100	1	0.5	21
618	20	1e5	100	2	0.5	21
619	Coal	1e5	1000	1	0.5	21
620	Coal	1e5	1000	2	0.5	21
621	Coal	1e5	500	1	0.5	21
622	Coal	1e5	500	2	0.5	21
623	Coal	1e5	100	1	0.5	21
624	Coal	1e5	100	2	0.5	21
625	Recap	1e5	1000	1	0.5	21
626	Recap	1e5	1000	2	0.5	21
627	Recap	1e5	500	1	0.5	21
628	Recap	1e5	500	2	0.5	21
629	Recap	1e5	100	1	0.5	21
630	Recap	1e5	100	2	0.5	21
631	5	1e5	1000	1	0.5	22
632	5	1e5	1000	2	0.5	22
633	5	1e5	500	1	0.5	22
634	5	1e5	500	2	0.5	22
635	5	1e5	100	1	0.5	22
636	5	1e5	100	2	0.5	22
637	10	1e5	1000	1	0.5	22
638	10	1e5	1000	2	0.5	22
639	10	1e5	500	1	0.5	22
640	10	1e5	500	2	0.5	22
641	10	1e5	100	1	0.5	22
642	10	1e5	100	2	0.5	22
643	20	1e5	1000	1	0.5	22
644	20	1e5	1000	2	0.5	22
645	20	1e5	500	1	0.5	22
646	20	1e5	500	2	0.5	22
647	20	1e5	100	1	0.5	22
648	20	1e5	100	2	0.5	22
649	Coal	1e5	1000	1	0.5	22
650	Coal	1e5	1000	2	0.5	22
651	Coal	1e5	500	1	0.5	22
652	Coal	1e5	500	2	0.5	22
653	Coal	1e5	100	1	0.5	22
654	Coal	1e5	100	2	0.5	22
655	Recap	1e5	1000	1	0.5	22
656	Recap	1e5	1000	2	0.5	22
657	Recap	1e5	500	1	0.5	22
658	Recap	1e5	500	2	0.5	22
659	Recap	1e5	100	1	0.5	22
660	Recap	1e5	100	2	0.5	22
661	5	1e5	1000	1	0.5	23
662	5	1e5	1000	2	0.5	23
663	5	1e5	500	1	0.5	23
664	5	1e5	500	2	0.5	23
665	5	1e5	100	1	0.5	23
666	5	1e5	100	2	0.5	23
667	10	1e5	1000	1	0.5	23
668	10	1e5	1000	2	0.5	23
669	10	1e5	500	1	0.5	23
670	10	1e5	500	2	0.5	23
671	10	1e5	100	1	0.5	23
672	10	1e5	100	2	0.5	23
673	20	1e5	1000	1	0.5	23
674	20	1e5	1000	2	0.5	23
675	20	1e5	500	1	0.5	23
676	20	1e5	500	2	0.5	23
677	20	1e5	100	1	0.5	23
678	20	1e5	100	2	0.5	23
679	Coal	1e5	1000	1	0.5	23
680	Coal	1e5	1000	2	0.5	23
681	Coal	1e5	500	1	0.5	23
682	Coal	1e5	500	2	0.5	23
683	Coal	1e5	100	1	0.5	23
684	Coal	1e5	100	2	0.5	23
685	Recap	1e5	1000	1	0.5	23
686	Recap	1e5	1000	2	0.5	23
687	Recap	1e5	500	1	0.5	23
688	Recap	1e5	500	2	0.5	23
689	Recap	1e5	100	1	0.5	23
690	Recap	1e5	100	2	0.5	23
691	5	1e5	1000	1	0.5	24
692	5	1e5	1000	2	0.5	24
693	5	1e5	500	1	0.5	24
694	5	1e5	500	2	0.5	24
695	5	1e5	100	1	0.5	24
696	5	1e5	100	2	0.5	24
697	10	1e5	1000	1	0.5	24
698	10	1e5	1000	2	0.5	24
699	10	1e5	500	1	0.5	24
700	10	1e5	500	2	0.5	24
701	10	1e5	100	1	0.5	24
702	10	1e5	100	2	0.5	24
703	20	1e5	1000	1	0.5	24
704	20	1e5	1000	2	0.5	24
705	20	1e5	500	1	0.5	24
706	20	1e5	500	2	0.5	24
707	20	1e5	100	1	0.5	24
708	20	1e5	100	2	0.5	24
709	Coal	1e5	1000	1	0.5	24
710	Coal	1e5	1000	2	0.5	24
711	Coal	1e5	500	1	0.5	24
712	Coal	1e5	500	2	0.5	24
713	Coal	1e5	100	1	0.5	24
714	Coal	1e5	100	2	0.5	24
715	Recap	1e5	1000	1	0.5	24
716	Recap	1e5	1000	2	0.5	24
717	Recap	1e5	500	1	0.5	24
718	Recap	1e5	500	2	0.5	24
719	Recap	1e5	100	1	0.5	24
720	Recap	1e5	100	2	0.5	24
721	5	1e5	1000	1	0.5	25
722	5	1e5	1000	2	0.5	25
723	5	1e5	500	1	0.5	25
724	5	1e5	500	2	0.5	25
725	5	1e5	100	1	0.5	25
726	5	1e5	100	2	0.5	25
727	10	1e5	1000	1	0.5	25
728	10	1e5	1000	2	0.5	25
729	10	1e5	500	1	0.5	25
730	10	1e5	500	2	0.5	25
731	10	1e5	100	1	0.5	25
732	10	1e5	100	2	0.5	25
733	20	1e5	1000	1	0.5	25
734	20	1e5	1000	2	0.5	25
735	20	1e5	500	1	0.5	25
736	20	1e5	500	2	0.5	25
737	20	1e5	100	1	0.5	25
738	20	1e5	100	2	0.5	25
739	Coal	1e5	1000	1	0.5	25
740	Coal	1e5	1000	2	0.5	25
741	Coal	1e5	500	1	0.5	25
742	Coal	1e5	500	2	0.5	25
743	Coal	1e5	100	1	0.5	25
744	Coal	1e5	100	2	0.5	25
745	Recap	1e5	1000	1	0.5	25
746	Recap	1e5	1000	2	0.5	25
747	Recap	1e5	500	1	0.5	25
748	Recap	1e5	500	2	0.5	25
749	Recap	1e5	100	1	0.5	25
750	Recap	1e5	100	2	0.5	25
751	5	1e5	1000	1	0.5	26
752	5	1e5	1000	2	0.5	26
753	5	1e5	500	1	0.5	26
754	5	1e5	500	2	0.5	26
755	5	1e5	100	1	0.5	26
756	5	1e5	100	2	0.5	26
757	10	1e5	1000	1	0.5	26
758	10	1e5	1000	2	0.5	26
759	10	1e5	500	1	0.5	26
760	10	1e5	500	2	0.5	26
761	10	1e5	100	1	0.5	26
762	10	1e5	100	2	0.5	26
763	20	1e5	1000	1	0.5	26
764	20	1e5	1000	2	0.5	26
765	20	1e5	500	1	0.5	26
766	20	1e5	500	2	0.5	26
767	20	1e5	100	1	0.5	26
768	20	1e5	100	2	0.5	26
769	Coal	1e5	1000	1	0.5	26
770	Coal	1e5	1000	2	0.5	26
771	Coal	1e5	500	1	0.5	26
772	Coal	1e5	500	2	0.5	26
773	Coal	1e5	100	1	0.5	26
774	Coal	1e5	100	2	0.5	26
775	Recap	1e5	1000	1	0.5	26
776	Recap	1e5	1000	2	0.5	26
777	Recap	1e5	500	1	0.5	26
778	Recap	1e5	500	2	0.5	26
779	Recap	1e5	100	1	0.5	26
780	Recap	1e5	100	2	0.5	26
781	5	1e5	1000	1	0.5	27
782	5	1e5	1000	2	0.5	27
783	5	1e5	500	1	0.5	27
784	5	1e5	500	2	0.5	27
785	5	1e5	100	1	0.5	27
786	5	1e5	100	2	0.5	27
787	10	1e5	1000	1	0.5	27
788	10	1e5	1000	2	0.5	27
789	10	1e5	500	1	0.5	27
790	10	1e5	500	2	0.5	27
791	10	1e5	100	1	0.5	27
792	10	1e5	100	2	0.5	27
793	20	1e5	1000	1	0.5	27
794	20	1e5	1000	2	0.5	27
795	20	1e5	500	1	0.5	27
796	20	1e5	500	2	0.5	27
797	20	1e5	100	1	0.5	27
798	20	1e5	100	2	0.5	27
799	Coal	1e5	1000	1	0.5	27
800	Coal	1e5	1000	2	0.5	27
801	Coal	1e5	500	1	0.5	27
802	Coal	1e5	500	2	0.5	27
803	Coal	1e5	100	1	0.5	27
804	Coal	1e5	100	2	0.5	27
805	Recap	1e5	1000	1	0.5	27
806	Recap	1e5	1000	2	0.5	27
807	Recap	1e5	500	1	0.5	27
808	Recap	1e5	500	2	0.5	27
809	Recap	1e5	100	1	0.5	27
810	Recap	1e5	100	2	0.5	27
811	5	1e5	1000	1	0.5	28
812	5	1e5	1000	2	0.5	28
813	5	1e5	500	1	0.5	28
814	5	1e5	500	2	0.5	28
815	5	1e5	100	1	0.5	28
816	5	1e5	100	2	0.5	28
817	10	1e5	1000	1	0.5	28
818	10	1e5	1000	2	0.5	28
819	10	1e5	500	1	0.5	28
820	10	1e5	500	2	0.5	28
821	10	1e5	100	1	0.5	28
822	10	1e5	100	2	0.5	28
823	20	1e5	1000	1	0.5	28
824	20	1e5	1000	2	0.5	28
825	20	1e5	500	1	0.5	28
826	20	1e5	500	2	0.5	28
827	20	1e5	100	1	0.5	28
828	20	1e5	100	2	0.5	28
829	Coal	1e5	1000	1	0.5	28
830	Coal	1e5	1000	2	0.5	28
831	Coal	1e5	500	1	0.5	28
832	Coal	1e5	500	2	0.5	28
833	Coal	1e5	100	1	0.5	28
834	Coal	1e5	100	2	0.5	28
835	Recap	1e5	1000	1	0.5	28
836	Recap	1e5	1000	2	0.5	28
837	Recap	1e5	500	1	0.5	28
838	Recap	1e5	500	2	0.5	28
839	Recap	1e5	100	1	0.5	28
840	Recap	1e5	100	2	0.5	28
841	5	1e5	1000	1	0.5	29
842	5	1e5	1000	2	0.5	29
843	5	1e5	500	1	0.5	29
844	5	1e5	500	2	0.5	29
845	5	1e5	100	1	0.5	29
846	5	1e5	100	2	0.5	29
847	10	1e5	1000	1	0.5	29
848	10	1e5	1000	2	0.5	29
849	10	1e5	500	1	0.5	29
850	10	1e5	500	2	0.5	29
851	10	1e5	100	1	0.5	29
852	10	1e5	100	2	0.5	29
853	20	1e5	1000	1	0.5	29
854	20	1e5	1000	2	0.5	29
855	20	1e5	500	1	0.5	29
856	20	1e5	500	2	0.5	29
857	20	1e5	100	1	0.5	29
858	20	1e5	100	2	0.5	29
859	Coal	1e5	1000	1	0.5	29
860	Coal	1e5	1000	2	0.5	29
861	Coal	1e5	500	1	0.5	29
862	Coal	1e5	500	2	0.5	29
863	Coal	1e5	100	1	0.5	29
864	Coal	1e5	100	2	0.5	29
865	Recap	1e5	1000	1	0.5	29
866	Recap	1e5	1000	2	0.5	29
867	Recap	1e5	500	1	0.5	29
868	Recap	1e5	500	2	0.5	29
869	Recap	1e5	100	1	0.5	29
870	Recap	1e5	100	2	0.5	29
871	5	1e5	1000	1	0.5	30
872	5	1e5	1000	2	0.5	30
873	5	1e5	500	1	0.5	30
874	5	1e5	500	2	0.5	30
875	5	1e5	100	1	0.5	30
876	5	1e5	100	2	0.5	30
877	10	1e5	1000	1	0.5	30
878	10	1e5	1000	2	0.5	30
879	10	1e5	500	1	0.5	30
880	10	1e5	500	2	0.5	30
881	10	1e5	100	1	0.5	30
882	10	1e5	100	2	0.5	30
883	20	1e5	1000	1	0.5	30
884	20	1e5	1000	2	0.5	30
885	20	1e5	500	1	0.5	30
886	20	1e5	500	2	0.5	30
887	20	1e5	100	1	0.5	30
888	20	1e5	100	2	0.5	30
889	Coal	1e5	1000	1	0.5	30
890	Coal	1e5	1000	2	0.5	30
891	Coal	1e5	500	1	0.5	30
892	Coal	1e5	500	2	0.5	30
893	Coal	1e5	100	1	0.5	30
894	Coal	1e5	100	2	0.5	30
895	Recap	1e5	1000	1	0.5	30
896	Recap	1e5	1000	2	0.5	30
897	Recap	1e5	500	1	0.5	30
898	Recap	1e5	500	2	0.5	30
899	Recap	1e5	100	1	0.5	30
900	Recap	1e5	100	2	0.5	30
901	5	1e5	1000	1	0.5	31
902	5	1e5	1000	2	0.5	31
903	5	1e5	500	1	0.5	31
904	5	1e5	500	2	0.5	31
905	5	1e5	100	1	0.5	31
906	5	1e5	100	2	0.5	31
907	10	1e5	1000	1	0.5	31
908	10	1e5	1000	2	0.5	31
909	10	1e5	500	1	0.5	31
910	10	1e5	500	2	0.5	31
911	10	1e5	100	1	0.5	31
912	10	1e5	100	2	0.5	31
913	20	1e5	1000	1	0.5	31
914	20	1e5	1000	2	0.5	31
915	20	1e5	500	1	0.5	31
916	20	1e5	500	2	0.5	31
917	20	1e5	100	1	0.5	31
918	20	1e5	100	2	0.5	31
919	Coal	1e5	1000	1	0.5	31
920	Coal	1e5	1000	2	0.5	31
921	Coal	1e5	500	1	0.5	31
922	Coal	1e5	500	2	0.5	31
923	Coal	1e5	100	1	0.5	31
924	Coal	1e5	100	2	0.5	31
925	Recap	1e5	1000	1	0.5	31
926	Recap	1e5	1000	2	0.5	31
927	Recap	1e5	500	1	0.5	31
928	Recap	1e5	500	2	0.5	31
929	Recap	1e5	100	1	0.5	31
930	Recap	1e5	100	2	0.5	31
931	5	1e5	1000	1	0.5	32
932	5	1e5	1000	2	0.5	32
933	5	1e5	500	1	0.5	32
934	5	1e5	500	2	0.5	32
935	5	1e5	100	1	0.5	32
936	5	1e5	100	2	0.5	32
937	10	1e5	1000	1	0.5	32
938	10	1e5	1000	2	0.5	32
939	10	1e5	500	1	0.5	32
940	10	1e5	500	2	0.5	32
941	10	1e5	100	1	0.5	32
942	10	1e5	100	2	0.5	32
943	20	1e5	1000	1	0.5	32
944	20	1e5	1000	2	0.5	32
945	20	1e5	500	1	0.5	32
946	20	1e5	500	2	0.5	32
947	20	1e5	100	1	0.5	32
948	20	1e5	100	2	0.5	32
949	Coal	1e5	1000	1	0.5	32
950	Coal	1e5	1000	2	0.5	32
951	Coal	1e5	500	1	0.5	32
952	Coal	1e5	500	2	0.5	32
953	Coal	1e5	100	1	0.5	32
954	Coal	1e5	100	2	0.5	32
955	Recap	1e5	1000	1	0.5	32
956	Recap	1e5	1000	2	0.5	32
957	Recap	1e5	500	1	0.5	32
958	Recap	1e5	500	2	0.5	32
959	Recap	1e5	100	1	0.5	32
960	Recap	1e5	100	2	0.5	32
961	5	1e5	1000	1	0.5	33
962	5	1e5	1000	2	0.5	33
963	5	1e5	500	1	0.5	33
964	5	1e5	500	2	0.5	33
965	5	1e5	100	1	0.5	33
966	5	1e5	100	2	0.5	33
967	10	1e5	1000	1	0.5	33
968	10	1e5	1000	2	0.5	33
969	10	1e5	500	1	0.5	33
970	10	1e5	500	2	0.5	33
971	10	1e5	100	1	0.5	33
972	10	1e5	100	2	0.5	33
973	20	1e5	1000	1	0.5	33
974	20	1e5	1000	2	0.5	33
975	20	1e5	500	1	0.5	33
976	20	1e5	500	2	0.5	33
977	20	1e5	100	1	0.5	33
978	20	1e5	100	2	0.5	33
979	Coal	1e5	1000	1	0.5	33
980	Coal	1e5	1000	2	0.5	33
981	Coal	1e5	500	1	0.5	33
982	Coal	1e5	500	2	0.5	33
983	Coal	1e5	100	1	0.5	33
984	Coal	1e5	100	2	0.5	33
985	Recap	1e5	1000	1	0.5	33
986	Recap	1e5	1000	2	0.5	33
987	Recap	1e5	500	1	0.5	33
988	Recap	1e5	500	2	0.5	33
989	Recap	1e5	100	1	0.5	33
990	Recap	1e5	100	2	0.5	33
991	5	1e5	1000	1	0.5	34
992	5	1e5	1000	2	0.5	34
993	5	1e5	500	1	0.5	34
994	5	1e5	500	2	0.5	34
995	5	1e5	100	1	0.5	34
996	5	1e5	100	2	0.5	34
997	10	1e5	1000	1	0.5	34
998	10	1e5	1000	2	0.5	34
999	10	1e5	500	1	0.5	34
1000	10	1e5	500	2	0.5	34
1001	10	1e5	100	1	0.5	34
1002	10	1e5	100	2	0.5	34
1003	20	1e5	1000	1	0.5	34
1004	20	1e5	1000	2	0.5	34
1005	20	1e5	500	1	0.5	34
1006	20	1e5	500	2	0.5	34
1007	20	1e5	100	1	0.5	34
1008	20	1e5	100	2	0.5	34
1009	Coal	1e5	1000	1	0.5	34
1010	Coal	1e5	1000	2	0.5	34
1011	Coal	1e5	500	1	0.5	34
1012	Coal	1e5	500	2	0.5	34
1013	Coal	1e5	100	1	0.5	34
1014	Coal	1e5	100	2	0.5	34
1015	Recap	1e5	1000	1	0.5	34
1016	Recap	1e5	1000	2	0.5	34
1017	Recap	1e5	500	1	0.5	34
1018	Recap	1e5	500	2	0.5	34
1019	Recap	1e5	100	1	0.5	34
1020	Recap	1e5	100	2	0.5	34
1021	5	1e5	1000	1	0.5	35
1022	5	1e5	1000	2	0.5	35
1023	5	1e5	500	1	0.5	35
1024	5	1e5	500	2	0.5	35
1025	5	1e5	100	1	0.5	35
1026	5	1e5	100	2	0.5	35
1027	10	1e5	1000	1	0.5	35
1028	10	1e5	1000	2	0.5	35
1029	10	1e5	500	1	0.5	35
1030	10	1e5	500	2	0.5	35
1031	10	1e5	100	1	0.5	35
1032	10	1e5	100	2	0.5	35
1033	20	1e5	1000	1	0.5	35
1034	20	1e5	1000	2	0.5	35
1035	20	1e5	500	1	0.5	35
1036	20	1e5	500	2	0.5	35
1037	20	1e5	100	1	0.5	35
1038	20	1e5	100	2	0.5	35
1039	Coal	1e5	1000	1	0.5	35
1040	Coal	1e5	1000	2	0.5	35
1041	Coal	1e5	500	1	0.5	35
1042	Coal	1e5	500	2	0.5	35
1043	Coal	1e5	100	1	0.5	35
1044	Coal	1e5	100	2	0.5	35
1045	Recap	1e5	1000	1	0.5	35
1046	Recap	1e5	1000	2	0.5	35
1047	Recap	1e5	500	1	0.5	35
1048	Recap	1e5	500	2	0.5	35
1049	Recap	1e5	100	1	0.5	35
1050	Recap	1e5	100	2	0.5	35
1051	5	1e5	1000	1	0.5	36
1052	5	1e5	1000	2	0.5	36
1053	5	1e5	500	1	0.5	36
1054	5	1e5	500	2	0.5	36
1055	5	1e5	100	1	0.5	36
1056	5	1e5	100	2	0.5	36
1057	10	1e5	1000	1	0.5	36
1058	10	1e5	1000	2	0.5	36
1059	10	1e5	500	1	0.5	36
1060	10	1e5	500	2	0.5	36
1061	10	1e5	100	1	0.5	36
1062	10	1e5	100	2	0.5	36
1063	20	1e5	1000	1	0.5	36
1064	20	1e5	1000	2	0.5	36
1065	20	1e5	500	1	0.5	36
1066	20	1e5	500	2	0.5	36
1067	20	1e5	100	1	0.5	36
1068	20	1e5	100	2	0.5	36
1069	Coal	1e5	1000	1	0.5	36
1070	Coal	1e5	1000	2	0.5	36
1071	Coal	1e5	500	1	0.5	36
1072	Coal	1e5	500	2	0.5	36
1073	Coal	1e5	100	1	0.5	36
1074	Coal	1e5	100	2	0.5	36
1075	Recap	1e5	1000	1	0.5	36
1076	Recap	1e5	1000	2	0.5	36
1077	Recap	1e5	500	1	0.5	36
1078	Recap	1e5	500	2	0.5	36
1079	Recap	1e5	100	1	0.5	36
1080	Recap	1e5	100	2	0.5	36
1081	5	1e5	1000	1	0.5	37
1082	5	1e5	1000	2	0.5	37
1083	5	1e5	500	1	0.5	37
1084	5	1e5	500	2	0.5	37
1085	5	1e5	100	1	0.5	37
1086	5	1e5	100	2	0.5	37
1087	10	1e5	1000	1	0.5	37
1088	10	1e5	1000	2	0.5	37
1089	10	1e5	500	1	0.5	37
1090	10	1e5	500	2	0.5	37
1091	10	1e5	100	1	0.5	37
1092	10	1e5	100	2	0.5	37
1093	20	1e5	1000	1	0.5	37
1094	20	1e5	1000	2	0.5	37
1095	20	1e5	500	1	0.5	37
1096	20	1e5	500	2	0.5	37
1097	20	1e5	100	1	0.5	37
1098	20	1e5	100	2	0.5	37
1099	Coal	1e5	1000	1	0.5	37
1100	Coal	1e5	1000	2	0.5	37
1101	Coal	1e5	500	1	0.5	37
1102	Coal	1e5	500	2	0.5	37
1103	Coal	1e5	100	1	0.5	37
1104	Coal	1e5	100	2	0.5	37
1105	Recap	1e5	1000	1	0.5	37
1106	Recap	1e5	1000	2	0.5	37
1107	Recap	1e5	500	1	0.5	37
1108	Recap	1e5	500	2	0.5	37
1109	Recap	1e5	100	1	0.5	37
1110	Recap	1e5	100	2	0.5	37
1111	5	1e5	1000	1	0.5	38
1112	5	1e5	1000	2	0.5	38
1113	5	1e5	500	1	0.5	38
1114	5	1e5	500	2	0.5	38
1115	5	1e5	100	1	0.5	38
1116	5	1e5	100	2	0.5	38
1117	10	1e5	1000	1	0.5	38
1118	10	1e5	1000	2	0.5	38
1119	10	1e5	500	1	0.5	38
1120	10	1e5	500	2	0.5	38
1121	10	1e5	100	1	0.5	38
1122	10	1e5	100	2	0.5	38
1123	20	1e5	1000	1	0.5	38
1124	20	1e5	1000	2	0.5	38
1125	20	1e5	500	1	0.5	38
1126	20	1e5	500	2	0.5	38
1127	20	1e5	100	1	0.5	38
1128	20	1e5	100	2	0.5	38
1129	Coal	1e5	1000	1	0.5	38
1130	Coal	1e5	1000	2	0.5	38
1131	Coal	1e5	500	1	0.5	38
1132	Coal	1e5	500	2	0.5	38
1133	Coal	1e5	100	1	0.5	38
1134	Coal	1e5	100	2	0.5	38
1135	Recap	1e5	1000	1	0.5	38
1136	Recap	1e5	1000	2	0.5	38
1137	Recap	1e5	500	1	0.5	38
1138	Recap	1e5	500	2	0.5	38
1139	Recap	1e5	100	1	0.5	38
1140	Recap	1e5	100	2	0.5	38
1141	5	1e5	1000	1	0.5	39
1142	5	1e5	1000	2	0.5	39
1143	5	1e5	500	1	0.5	39
1144	5	1e5	500	2	0.5	39
1145	5	1e5	100	1	0.5	39
1146	5	1e5	100	2	0.5	39
1147	10	1e5	1000	1	0.5	39
1148	10	1e5	1000	2	0.5	39
1149	10	1e5	500	1	0.5	39
1150	10	1e5	500	2	0.5	39
1151	10	1e5	100	1	0.5	39
1152	10	1e5	100	2	0.5	39
1153	20	1e5	1000	1	0.5	39
1154	20	1e5	1000	2	0.5	39
1155	20	1e5	500	1	0.5	39
1156	20	1e5	500	2	0.5	39
1157	20	1e5	100	1	0.5	39
1158	20	1e5	100	2	0.5	39
1159	Coal	1e5	1000	1	0.5	39
1160	Coal	1e5	1000	2	0.5	39
1161	Coal	1e5	500	1	0.5	39
1162	Coal	1e5	500	2	0.5	39
1163	Coal	1e5	100	1	0.5	39
1164	Coal	1e5	100	2	0.5	39
1165	Recap	1e5	1000	1	0.5	39
1166	Recap	1e5	1000	2	0.5	39
1167	Recap	1e5	500	1	0.5	39
1168	Recap	1e5	500	2	0.5	39
1169	Recap	1e5	100	1	0.5	39
1170	Recap	1e5	100	2	0.5	39
1171	5	1e5	1000	1	0.5	40
1172	5	1e5	1000	2	0.5	40
1173	5	1e5	500	1	0.5	40
1174	5	1e5	500	2	0.5	40
1175	5	1e5	100	1	0.5	40
1176	5	1e5	100	2	0.5	40
1177	10	1e5	1000	1	0.5	40
1178	10	1e5	1000	2	0.5	40
1179	10	1e5	500	1	0.5	40
1180	10	1e5	500	2	0.5	40
1181	10	1e5	100	1	0.5	40
1182	10	1e5	100	2	0.5	40
1183	20	1e5	1000	1	0.5	40
1184	20	1e5	1000	2	0.5	40
1185	20	1e5	500	1	0.5	40
1186	20	1e5	500	2	0.5	40
1187	20	1e5	100	1	0.5	40
1188	20	1e5	100	2	0.5	40
1189	Coal	1e5	1000	1	0.5	40
1190	Coal	1e5	1000	2	0.5	40
1191	Coal	1e5	500	1	0.5	40
1192	Coal	1e5	500	2	0.5	40
1193	Coal	1e5	100	1	0.5	40
1194	Coal	1e5	100	2	0.5	40
1195	Recap	1e5	1000	1	0.5	40
1196	Recap	1e5	1000	2	0.5	40
1197	Recap	1e5	500	1	0.5	40
1198	Recap	1e5	500	2	0.5	40
1199	Recap	1e5	100	1	0.5	40
1200	Recap	1e5	100	2	0.5	40
1201	5	1e5	1000	1	0.5	41
1202	5	1e5	1000	2	0.5	41
1203	5	1e5	500	1	0.5	41
1204	5	1e5	500	2	0.5	41
1205	5	1e5	100	1	0.5	41
1206	5	1e5	100	2	0.5	41
1207	10	1e5	1000	1	0.5	41
1208	10	1e5	1000	2	0.5	41
1209	10	1e5	500	1	0.5	41
1210	10	1e5	500	2	0.5	41
1211	10	1e5	100	1	0.5	41
1212	10	1e5	100	2	0.5	41
1213	20	1e5	1000	1	0.5	41
1214	20	1e5	1000	2	0.5	41
1215	20	1e5	500	1	0.5	41
1216	20	1e5	500	2	0.5	41
1217	20	1e5	100	1	0.5	41
1218	20	1e5	100	2	0.5	41
1219	Coal	1e5	1000	1	0.5	41
1220	Coal	1e5	1000	2	0.5	41
1221	Coal	1e5	500	1	0.5	41
1222	Coal	1e5	500	2	0.5	41
1223	Coal	1e5	100	1	0.5	41
1224	Coal	1e5	100	2	0.5	41
1225	Recap	1e5	1000	1	0.5	41
1226	Recap	1e5	1000	2	0.5	41
1227	Recap	1e5	500	1	0.5	41
1228	Recap	1e5	500	2	0.5	41
1229	Recap	1e5	100	1	0.5	41
1230	Recap	1e5	100	2	0.5	41
1231	5	1e5	1000	1	0.5	42
1232	5	1e5	1000	2	0.5	42
1233	5	1e5	500	1	0.5	42
1234	5	1e5	500	2	0.5	42
1235	5	1e5	100	1	0.5	42
1236	5	1e5	100	2	0.5	42
1237	10	1e5	1000	1	0.5	42
1238	10	1e5	1000	2	0.5	42
1239	10	1e5	500	1	0.5	42
1240	10	1e5	500	2	0.5	42
1241	10	1e5	100	1	0.5	42
1242	10	1e5	100	2	0.5	42
1243	20	1e5	1000	1	0.5	42
1244	20	1e5	1000	2	0.5	42
1245	20	1e5	500	1	0.5	42
1246	20	1e5	500	2	0.5	42
1247	20	1e5	100	1	0.5	42
1248	20	1e5	100	2	0.5	42
1249	Coal	1e5	1000	1	0.5	42
1250	Coal	1e5	1000	2	0.5	42
1251	Coal	1e5	500	1	0.5	42
1252	Coal	1e5	500	2	0.5	42
1253	Coal	1e5	100	1	0.5	42
1254	Coal	1e5	100	2	0.5	42
1255	Recap	1e5	1000	1	0.5	42
1256	Recap	1e5	1000	2	0.5	42
1257	Recap	1e5	500	1	0.5	42
1258	Recap	1e5	500	2	0.5	42
1259	Recap	1e5	100	1	0.5	42
1260	Recap	1e5	100	2	0.5	42
1261	5	1e5	1000	1	0.5	43
1262	5	1e5	1000	2	0.5	43
1263	5	1e5	500	1	0.5	43
1264	5	1e5	500	2	0.5	43
1265	5	1e5	100	1	0.5	43
1266	5	1e5	100	2	0.5	43
1267	10	1e5	1000	1	0.5	43
1268	10	1e5	1000	2	0.5	43
1269	10	1e5	500	1	0.5	43
1270	10	1e5	500	2	0.5	43
1271	10	1e5	100	1	0.5	43
1272	10	1e5	100	2	0.5	43
1273	20	1e5	1000	1	0.5	43
1274	20	1e5	1000	2	0.5	43
1275	20	1e5	500	1	0.5	43
1276	20	1e5	500	2	0.5	43
1277	20	1e5	100	1	0.5	43
1278	20	1e5	100	2	0.5	43
1279	Coal	1e5	1000	1	0.5	43
1280	Coal	1e5	1000	2	0.5	43
1281	Coal	1e5	500	1	0.5	43
1282	Coal	1e5	500	2	0.5	43
1283	Coal	1e5	100	1	0.5	43
1284	Coal	1e5	100	2	0.5	43
1285	Recap	1e5	1000	1	0.5	43
1286	Recap	1e5	1000	2	0.5	43
1287	Recap	1e5	500	1	0.5	43
1288	Recap	1e5	500	2	0.5	43
1289	Recap	1e5	100	1	0.5	43
1290	Recap	1e5	100	2	0.5	43
1291	5	1e5	1000	1	0.5	44
1292	5	1e5	1000	2	0.5	44
1293	5	1e5	500	1	0.5	44
1294	5	1e5	500	2	0.5	44
1295	5	1e5	100	1	0.5	44
1296	5	1e5	100	2	0.5	44
1297	10	1e5	1000	1	0.5	44
1298	10	1e5	1000	2	0.5	44
1299	10	1e5	500	1	0.5	44
1300	10	1e5	500	2	0.5	44
1301	10	1e5	100	1	0.5	44
1302	10	1e5	100	2	0.5	44
1303	20	1e5	1000	1	0.5	44
1304	20	1e5	1000	2	0.5	44
1305	20	1e5	500	1	0.5	44
1306	20	1e5	500	2	0.5	44
1307	20	1e5	100	1	0.5	44
1308	20	1e5	100	2	0.5	44
1309	Coal	1e5	1000	1	0.5	44
1310	Coal	1e5	1000	2	0.5	44
1311	Coal	1e5	500	1	0.5	44
1312	Coal	1e5	500	2	0.5	44
1313	Coal	1e5	100	1	0.5	44
1314	Coal	1e5	100	2	0.5	44
1315	Recap	1e5	1000	1	0.5	44
1316	Recap	1e5	1000	2	0.5	44
1317	Recap	1e5	500	1	0.5	44
1318	Recap	1e5	500	2	0.5	44
1319	Recap	1e5	100	1	0.5	44
1320	Recap	1e5	100	2	0.5	44
1321	5	1e5	1000	1	0.5	45
1322	5	1e5	1000	2	0.5	45
1323	5	1e5	500	1	0.5	45
1324	5	1e5	500	2	0.5	45
1325	5	1e5	100	1	0.5	45
1326	5	1e5	100	2	0.5	45
1327	10	1e5	1000	1	0.5	45
1328	10	1e5	1000	2	0.5	45
1329	10	1e5	500	1	0.5	45
1330	10	1e5	500	2	0.5	45
1331	10	1e5	100	1	0.5	45
1332	10	1e5	100	2	0.5	45
1333	20	1e5	1000	1	0.5	45
1334	20	1e5	1000	2	0.5	45
1335	20	1e5	500	1	0.5	45
1336	20	1e5	500	2	0.5	45
1337	20	1e5	100	1	0.5	45
1338	20	1e5	100	2	0.5	45
1339	Coal	1e5	1000	1	0.5	45
1340	Coal	1e5	1000	2	0.5	45
1341	Coal	1e5	500	1	0.5	45
1342	Coal	1e5	500	2	0.5	45
1343	Coal	1e5	100	1	0.5	45
1344	Coal	1e5	100	2	0.5	45
1345	Recap	1e5	1000	1	0.5	45
1346	Recap	1e5	1000	2	0.5	45
1347	Recap	1e5	500	1	0.5	45
1348	Recap	1e5	500	2	0.5	45
1349	Recap	1e5	100	1	0.5	45
1350	Recap	1e5	100	2	0.5	45
1351	5	1e5	1000	1	0.5	46
1352	5	1e5	1000	2	0.5	46
1353	5	1e5	500	1	0.5	46
1354	5	1e5	500	2	0.5	46
1355	5	1e5	100	1	0.5	46
1356	5	1e5	100	2	0.5	46
1357	10	1e5	1000	1	0.5	46
1358	10	1e5	1000	2	0.5	46
1359	10	1e5	500	1	0.5	46
1360	10	1e5	500	2	0.5	46
1361	10	1e5	100	1	0.5	46
1362	10	1e5	100	2	0.5	46
1363	20	1e5	1000	1	0.5	46
1364	20	1e5	1000	2	0.5	46
1365	20	1e5	500	1	0.5	46
1366	20	1e5	500	2	0.5	46
1367	20	1e5	100	1	0.5	46
1368	20	1e5	100	2	0.5	46
1369	Coal	1e5	1000	1	0.5	46
1370	Coal	1e5	1000	2	0.5	46
1371	Coal	1e5	500	1	0.5	46
1372	Coal	1e5	500	2	0.5	46
1373	Coal	1e5	100	1	0.5	46
1374	Coal	1e5	100	2	0.5	46
1375	Recap	1e5	1000	1	0.5	46
1376	Recap	1e5	1000	2	0.5	46
1377	Recap	1e5	500	1	0.5	46
1378	Recap	1e5	500	2	0.5	46
1379	Recap	1e5	100	1	0.5	46
1380	Recap	1e5	100	2	0.5	46
1381	5	1e5	1000	1	0.5	47
1382	5	1e5	1000	2	0.5	47
1383	5	1e5	500	1	0.5	47
1384	5	1e5	500	2	0.5	47
1385	5	1e5	100	1	0.5	47
1386	5	1e5	100	2	0.5	47
1387	10	1e5	1000	1	0.5	47
1388	10	1e5	1000	2	0.5	47
1389	10	1e5	500	1	0.5	47
1390	10	1e5	500	2	0.5	47
1391	10	1e5	100	1	0.5	47
1392	10	1e5	100	2	0.5	47
1393	20	1e5	1000	1	0.5	47
1394	20	1e5	1000	2	0.5	47
1395	20	1e5	500	1	0.5	47
1396	20	1e5	500	2	0.5	47
1397	20	1e5	100	1	0.5	47
1398	20	1e5	100	2	0.5	47
1399	Coal	1e5	1000	1	0.5	47
1400	Coal	1e5	1000	2	0.5	47
1401	Coal	1e5	500	1	0.5	47
1402	Coal	1e5	500	2	0.5	47
1403	Coal	1e5	100	1	0.5	47
1404	Coal	1e5	100	2	0.5	47
1405	Recap	1e5	1000	1	0.5	47
1406	Recap	1e5	1000	2	0.5	47
1407	Recap	1e5	500	1	0.5	47
1408	Recap	1e5	500	2	0.5	47
1409	Recap	1e5	100	1	0.5	47
1410	Recap	1e5	100	2	0.5	47
1411	5	1e5	1000	1	0.5	48
1412	5	1e5	1000	2	0.5	48
1413	5	1e5	500	1	0.5	48
1414	5	1e5	500	2	0.5	48
1415	5	1e5	100	1	0.5	48
1416	5	1e5	100	2	0.5	48
1417	10	1e5	1000	1	0.5	48
1418	10	1e5	1000	2	0.5	48
1419	10	1e5	500	1	0.5	48
1420	10	1e5	500	2	0.5	48
1421	10	1e5	100	1	0.5	48
1422	10	1e5	100	2	0.5	48
1423	20	1e5	1000	1	0.5	48
1424	20	1e5	1000	2	0.5	48
1425	20	1e5	500	1	0.5	48
1426	20	1e5	500	2	0.5	48
1427	20	1e5	100	1	0.5	48
1428	20	1e5	100	2	0.5	48
1429	Coal	1e5	1000	1	0.5	48
1430	Coal	1e5	1000	2	0.5	48
1431	Coal	1e5	500	1	0.5	48
1432	Coal	1e5	500	2	0.5	48
1433	Coal	1e5	100	1	0.5	48
1434	Coal	1e5	100	2	0.5	48
1435	Recap	1e5	1000	1	0.5	48
1436	Recap	1e5	1000	2	0.5	48
1437	Recap	1e5	500	1	0.5	48
1438	Recap	1e5	500	2	0.5	48
1439	Recap	1e5	100	1	0.5	48
1440	Recap	1e5	100	2	0.5	48
1441	5	1e5	1000	1	0.5	49
1442	5	1e5	1000	2	0.5	49
1443	5	1e5	500	1	0.5	49
1444	5	1e5	500	2	0.5	49
1445	5	1e5	100	1	0.5	49
1446	5	1e5	100	2	0.5	49
1447	10	1e5	1000	1	0.5	49
1448	10	1e5	1000	2	0.5	49
1449	10	1e5	500	1	0.5	49
1450	10	1e5	500	2	0.5	49
1451	10	1e5	100	1	0.5	49
1452	10	1e5	100	2	0.5	49
1453	20	1e5	1000	1	0.5	49
1454	20	1e5	1000	2	0.5	49
1455	20	1e5	500	1	0.5	49
1456	20	1e5	500	2	0.5	49
1457	20	1e5	100	1	0.5	49
1458	20	1e5	100	2	0.5	49
1459	Coal	1e5	1000	1	0.5	49
1460	Coal	1e5	1000	2	0.5	49
1461	Coal	1e5	500	1	0.5	49
1462	Coal	1e5	500	2	0.5	49
1463	Coal	1e5	100	1	0.5	49
1464	Coal	1e5	100	2	0.5	49
1465	Recap	1e5	1000	1	0.5	49
1466	Recap	1e5	1000	2	0.5	49
1467	Recap	1e5	500	1	0.5	49
1468	Recap	1e5	500	2	0.5	49
1469	Recap	1e5	100	1	0.5	49
1470	Recap	1e5	100	2	0.5	49
1471	5	1e5	1000	1	0.5	50
1472	5	1e5	1000	2	0.5	50
1473	5	1e5	500	1	0.5	50
1474	5	1e5	500	2	0.5	50
1475	5	1e5	100	1	0.5	50
1476	5	1e5	100	2	0.5	50
1477	10	1e5	1000	1	0.5	50
1478	10	1e5	1000	2	0.5	50
1479	10	1e5	500	1	0.5	50
1480	10	1e5	500	2	0.5	50
1481	10	1e5	100	1	0.5	50
1482	10	1e5	100	2	0.5	50
1483	20	1e5	1000	1	0.5	50
1484	20	1e5	1000	2	0.5	50
1485	20	1e5	500	1	0.5	50
1486	20	1e5	500	2	0.5	50
1487	20	1e5	100	1	0.5	50
1488	20	1e5	100	2	0.5	50
1489	Coal	1e5	1000	1	0.5	50
1490	Coal	1e5	1000	2	0.5	50
1491	Coal	1e5	500	1	0.5	50
1492	Coal	1e5	500	2	0.5	50
1493	Coal	1e5	100	1	0.5	50
1494	Coal	1e5	100	2	0.5	50
1495	Recap	1e5	1000	1	0.5	50
1496	Recap	1e5	1000	2	0.5	50
1497	Recap	1e5	500	1	0.5	50
1498	Recap	1e5	500	2	0.5	50
1499	Recap	1e5	100	1	0.5	50
1500	Recap	1e5	100	2	0.5	50
1501	5	1e6	1000	1	0.5	1
1502	5	1e6	1000	2	0.5	1
1503	5	1e6	500	1	0.5	1
1504	5	1e6	500	2	0.5	1
1505	5	1e6	100	1	0.5	1
1506	5	1e6	100	2	0.5	1
1507	5	1e7	1000	1	0.5	1
1508	5	1e7	1000	2	0.5	1
1509	5	1e7	500	1	0.5	1
1510	5	1e7	500	2	0.5	1
1511	5	1e7	100	1	0.5	1
1512	5	1e7	100	2	0.5	1
1513	10	1e6	1000	1	0.5	1
1514	10	1e6	1000	2	0.5	1
1515	10	1e6	500	1	0.5	1
1516	10	1e6	500	2	0.5	1
1517	10	1e6	100	1	0.5	1
1518	10	1e6	100	2	0.5	1
1519	10	1e7	1000	1	0.5	1
1520	10	1e7	1000	2	0.5	1
1521	10	1e7	500	1	0.5	1
1522	10	1e7	500	2	0.5	1
1523	10	1e7	100	1	0.5	1
1524	10	1e7	100	2	0.5	1
1525	20	1e6	1000	1	0.5	1
1526	20	1e6	1000	2	0.5	1
1527	20	1e6	500	1	0.5	1
1528	20	1e6	500	2	0.5	1
1529	20	1e6	100	1	0.5	1
1530	20	1e6	100	2	0.5	1
1531	20	1e7	1000	1	0.5	1
1532	20	1e7	1000	2	0.5	1
1533	20	1e7	500	1	0.5	1
1534	20	1e7	500	2	0.5	1
1535	20	1e7	100	1	0.5	1
1536	20	1e7	100	2	0.5	1
1537	Coal	1e6	1000	1	0.5	1
1538	Coal	1e6	1000	2	0.5	1
1539	Coal	1e6	500	1	0.5	1
1540	Coal	1e6	500	2	0.5	1
1541	Coal	1e6	100	1	0.5	1
1542	Coal	1e6	100	2	0.5	1
1543	Coal	1e7	1000	1	0.5	1
1544	Coal	1e7	1000	2	0.5	1
1545	Coal	1e7	500	1	0.5	1
1546	Coal	1e7	500	2	0.5	1
1547	Coal	1e7	100	1	0.5	1
1548	Coal	1e7	100	2	0.5	1
1549	Recap	1e6	1000	1	0.5	1
1550	Recap	1e6	1000	2	0.5	1
1551	Recap	1e6	500	1	0.5	1
1552	Recap	1e6	500	2	0.5	1
1553	Recap	1e6	100	1	0.5	1
1554	Recap	1e6	100	2	0.5	1
1555	Recap	1e7	1000	1	0.5	1
1556	Recap	1e7	1000	2	0.5	1
1557	Recap	1e7	500	1	0.5	1
1558	Recap	1e7	500	2	0.5	1
1559	Recap	1e7	100	1	0.5	1
1560	Recap	1e7	100	2	0.5	1
1561	5	1e6	1000	1	0.5	2
1562	5	1e6	1000	2	0.5	2
1563	5	1e6	500	1	0.5	2
1564	5	1e6	500	2	0.5	2
1565	5	1e6	100	1	0.5	2
1566	5	1e6	100	2	0.5	2
1567	5	1e7	1000	1	0.5	2
1568	5	1e7	1000	2	0.5	2
1569	5	1e7	500	1	0.5	2
1570	5	1e7	500	2	0.5	2
1571	5	1e7	100	1	0.5	2
1572	5	1e7	100	2	0.5	2
1573	10	1e6	1000	1	0.5	2
1574	10	1e6	1000	2	0.5	2
1575	10	1e6	500	1	0.5	2
1576	10	1e6	500	2	0.5	2
1577	10	1e6	100	1	0.5	2
1578	10	1e6	100	2	0.5	2
1579	10	1e7	1000	1	0.5	2
1580	10	1e7	1000	2	0.5	2
1581	10	1e7	500	1	0.5	2
1582	10	1e7	500	2	0.5	2
1583	10	1e7	100	1	0.5	2
1584	10	1e7	100	2	0.5	2
1585	20	1e6	1000	1	0.5	2
1586	20	1e6	1000	2	0.5	2
1587	20	1e6	500	1	0.5	2
1588	20	1e6	500	2	0.5	2
1589	20	1e6	100	1	0.5	2
1590	20	1e6	100	2	0.5	2
1591	20	1e7	1000	1	0.5	2
1592	20	1e7	1000	2	0.5	2
1593	20	1e7	500	1	0.5	2
1594	20	1e7	500	2	0.5	2
1595	20	1e7	100	1	0.5	2
1596	20	1e7	100	2	0.5	2
1597	Coal	1e6	1000	1	0.5	2
1598	Coal	1e6	1000	2	0.5	2
1599	Coal	1e6	500	1	0.5	2
1600	Coal	1e6	500	2	0.5	2
1601	Coal	1e6	100	1	0.5	2
1602	Coal	1e6	100	2	0.5	2
1603	Coal	1e7	1000	1	0.5	2
1604	Coal	1e7	1000	2	0.5	2
1605	Coal	1e7	500	1	0.5	2
1606	Coal	1e7	500	2	0.5	2
1607	Coal	1e7	100	1	0.5	2
1608	Coal	1e7	100	2	0.5	2
1609	Recap	1e6	1000	1	0.5	2
1610	Recap	1e6	1000	2	0.5	2
1611	Recap	1e6	500	1	0.5	2
1612	Recap	1e6	500	2	0.5	2
1613	Recap	1e6	100	1	0.5	2
1614	Recap	1e6	100	2	0.5	2
1615	Recap	1e7	1000	1	0.5	2
1616	Recap	1e7	1000	2	0.5	2
1617	Recap	1e7	500	1	0.5	2
1618	Recap	1e7	500	2	0.5	2
1619	Recap	1e7	100	1	0.5	2
1620	Recap	1e7	100	2	0.5	2
1621	5	1e6	1000	1	0.5	3
1622	5	1e6	1000	2	0.5	3
1623	5	1e6	500	1	0.5	3
1624	5	1e6	500	2	0.5	3
1625	5	1e6	100	1	0.5	3
1626	5	1e6	100	2	0.5	3
1627	5	1e7	1000	1	0.5	3
1628	5	1e7	1000	2	0.5	3
1629	5	1e7	500	1	0.5	3
1630	5	1e7	500	2	0.5	3
1631	5	1e7	100	1	0.5	3
1632	5	1e7	100	2	0.5	3
1633	10	1e6	1000	1	0.5	3
1634	10	1e6	1000	2	0.5	3
1635	10	1e6	500	1	0.5	3
1636	10	1e6	500	2	0.5	3
1637	10	1e6	100	1	0.5	3
1638	10	1e6	100	2	0.5	3
1639	10	1e7	1000	1	0.5	3
1640	10	1e7	1000	2	0.5	3
1641	10	1e7	500	1	0.5	3
1642	10	1e7	500	2	0.5	3
1643	10	1e7	100	1	0.5	3
1644	10	1e7	100	2	0.5	3
1645	20	1e6	1000	1	0.5	3
1646	20	1e6	1000	2	0.5	3
1647	20	1e6	500	1	0.5	3
1648	20	1e6	500	2	0.5	3
1649	20	1e6	100	1	0.5	3
1650	20	1e6	100	2	0.5	3
1651	20	1e7	1000	1	0.5	3
1652	20	1e7	1000	2	0.5	3
1653	20	1e7	500	1	0.5	3
1654	20	1e7	500	2	0.5	3
1655	20	1e7	100	1	0.5	3
1656	20	1e7	100	2	0.5	3
1657	Coal	1e6	1000	1	0.5	3
1658	Coal	1e6	1000	2	0.5	3
1659	Coal	1e6	500	1	0.5	3
1660	Coal	1e6	500	2	0.5	3
1661	Coal	1e6	100	1	0.5	3
1662	Coal	1e6	100	2	0.5	3
1663	Coal	1e7	1000	1	0.5	3
1664	Coal	1e7	1000	2	0.5	3
1665	Coal	1e7	500	1	0.5	3
1666	Coal	1e7	500	2	0.5	3
1667	Coal	1e7	100	1	0.5	3
1668	Coal	1e7	100	2	0.5	3
1669	Recap	1e6	1000	1	0.5	3
1670	Recap	1e6	1000	2	0.5	3
1671	Recap	1e6	500	1	0.5	3
1672	Recap	1e6	500	2	0.5	3
1673	Recap	1e6	100	1	0.5	3
1674	Recap	1e6	100	2	0.5	3
1675	Recap	1e7	1000	1	0.5	3
1676	Recap	1e7	1000	2	0.5	3
1677	Recap	1e7	500	1	0.5	3
1678	Recap	1e7	500	2	0.5	3
1679	Recap	1e7	100	1	0.5	3
1680	Recap	1e7	100	2	0.5	3
1681	5	1e6	1000	1	0.5	4
1682	5	1e6	1000	2	0.5	4
1683	5	1e6	500	1	0.5	4
1684	5	1e6	500	2	0.5	4
1685	5	1e6	100	1	0.5	4
1686	5	1e6	100	2	0.5	4
1687	5	1e7	1000	1	0.5	4
1688	5	1e7	1000	2	0.5	4
1689	5	1e7	500	1	0.5	4
1690	5	1e7	500	2	0.5	4
1691	5	1e7	100	1	0.5	4
1692	5	1e7	100	2	0.5	4
1693	10	1e6	1000	1	0.5	4
1694	10	1e6	1000	2	0.5	4
1695	10	1e6	500	1	0.5	4
1696	10	1e6	500	2	0.5	4
1697	10	1e6	100	1	0.5	4
1698	10	1e6	100	2	0.5	4
1699	10	1e7	1000	1	0.5	4
1700	10	1e7	1000	2	0.5	4
1701	10	1e7	500	1	0.5	4
1702	10	1e7	500	2	0.5	4
1703	10	1e7	100	1	0.5	4
1704	10	1e7	100	2	0.5	4
1705	20	1e6	1000	1	0.5	4
1706	20	1e6	1000	2	0.5	4
1707	20	1e6	500	1	0.5	4
1708	20	1e6	500	2	0.5	4
1709	20	1e6	100	1	0.5	4
1710	20	1e6	100	2	0.5	4
1711	20	1e7	1000	1	0.5	4
1712	20	1e7	1000	2	0.5	4
1713	20	1e7	500	1	0.5	4
1714	20	1e7	500	2	0.5	4
1715	20	1e7	100	1	0.5	4
1716	20	1e7	100	2	0.5	4
1717	Coal	1e6	1000	1	0.5	4
1718	Coal	1e6	1000	2	0.5	4
1719	Coal	1e6	500	1	0.5	4
1720	Coal	1e6	500	2	0.5	4
1721	Coal	1e6	100	1	0.5	4
1722	Coal	1e6	100	2	0.5	4
1723	Coal	1e7	1000	1	0.5	4
1724	Coal	1e7	1000	2	0.5	4
1725	Coal	1e7	500	1	0.5	4
1726	Coal	1e7	500	2	0.5	4
1727	Coal	1e7	100	1	0.5	4
1728	Coal	1e7	100	2	0.5	4
1729	Recap	1e6	1000	1	0.5	4
1730	Recap	1e6	1000	2	0.5	4
1731	Recap	1e6	500	1	0.5	4
1732	Recap	1e6	500	2	0.5	4
1733	Recap	1e6	100	1	0.5	4
1734	Recap	1e6	100	2	0.5	4
1735	Recap	1e7	1000	1	0.5	4
1736	Recap	1e7	1000	2	0.5	4
1737	Recap	1e7	500	1	0.5	4
1738	Recap	1e7	500	2	0.5	4
1739	Recap	1e7	100	1	0.5	4
1740	Recap	1e7	100	2	0.5	4
1741	5	1e6	1000	1	0.5	5
1742	5	1e6	1000	2	0.5	5
1743	5	1e6	500	1	0.5	5
1744	5	1e6	500	2	0.5	5
1745	5	1e6	100	1	0.5	5
1746	5	1e6	100	2	0.5	5
1747	5	1e7	1000	1	0.5	5
1748	5	1e7	1000	2	0.5	5
1749	5	1e7	500	1	0.5	5
1750	5	1e7	500	2	0.5	5
1751	5	1e7	100	1	0.5	5
1752	5	1e7	100	2	0.5	5
1753	10	1e6	1000	1	0.5	5
1754	10	1e6	1000	2	0.5	5
1755	10	1e6	500	1	0.5	5
1756	10	1e6	500	2	0.5	5
1757	10	1e6	100	1	0.5	5
1758	10	1e6	100	2	0.5	5
1759	10	1e7	1000	1	0.5	5
1760	10	1e7	1000	2	0.5	5
1761	10	1e7	500	1	0.5	5
1762	10	1e7	500	2	0.5	5
1763	10	1e7	100	1	0.5	5
1764	10	1e7	100	2	0.5	5
1765	20	1e6	1000	1	0.5	5
1766	20	1e6	1000	2	0.5	5
1767	20	1e6	500	1	0.5	5
1768	20	1e6	500	2	0.5	5
1769	20	1e6	100	1	0.5	5
1770	20	1e6	100	2	0.5	5
1771	20	1e7	1000	1	0.5	5
1772	20	1e7	1000	2	0.5	5
1773	20	1e7	500	1	0.5	5
1774	20	1e7	500	2	0.5	5
1775	20	1e7	100	1	0.5	5
1776	20	1e7	100	2	0.5	5
1777	Coal	1e6	1000	1	0.5	5
1778	Coal	1e6	1000	2	0.5	5
1779	Coal	1e6	500	1	0.5	5
1780	Coal	1e6	500	2	0.5	5
1781	Coal	1e6	100	1	0.5	5
1782	Coal	1e6	100	2	0.5	5
1783	Coal	1e7	1000	1	0.5	5
1784	Coal	1e7	1000	2	0.5	5
1785	Coal	1e7	500	1	0.5	5
1786	Coal	1e7	500	2	0.5	5
1787	Coal	1e7	100	1	0.5	5
1788	Coal	1e7	100	2	0.5	5
1789	Recap	1e6	1000	1	0.5	5
1790	Recap	1e6	1000	2	0.5	5
1791	Recap	1e6	500	1	0.5	5
1792	Recap	1e6	500	2	0.5	5
1793	Recap	1e6	100	1	0.5	5
1794	Recap	1e6	100	2	0.5	5
1795	Recap	1e7	1000	1	0.5	5
1796	Recap	1e7	1000	2	0.5	5
1797	Recap	1e7	500	1	0.5	5
1798	Recap	1e7	500	2	0.5	5
1799	Recap	1e7	100	1	0.5	5
1800	Recap	1e7	100	2	0.5	5
