ArrayTaskID	BurnInType	GenomeSize	ScalingFactor	BurnInRep	DomCoeff	SimRep
1	5	1e5	10	1	0.0	1
2	5	1e5	10	2	0.0	1
3	5	1e5	5	1	0.0	1
4	5	1e5	5	2	0.0	1
5	5	1e5	1	1	0.0	1
6	5	1e5	1	2	0.0	1
7	10	1e5	10	1	0.0	1
8	10	1e5	10	2	0.0	1
9	10	1e5	5	1	0.0	1
10	10	1e5	5	2	0.0	1
11	10	1e5	1	1	0.0	1
12	10	1e5	1	2	0.0	1
13	20	1e5	10	1	0.0	1
14	20	1e5	10	2	0.0	1
15	20	1e5	5	1	0.0	1
16	20	1e5	5	2	0.0	1
17	20	1e5	1	1	0.0	1
18	20	1e5	1	2	0.0	1
19	Coal	1e5	10	1	0.0	1
20	Coal	1e5	10	2	0.0	1
21	Coal	1e5	5	1	0.0	1
22	Coal	1e5	5	2	0.0	1
23	Coal	1e5	1	1	0.0	1
24	Coal	1e5	1	2	0.0	1
25	Recap	1e5	10	1	0.0	1
26	Recap	1e5	10	2	0.0	1
27	Recap	1e5	5	1	0.0	1
28	Recap	1e5	5	2	0.0	1
29	Recap	1e5	1	1	0.0	1
30	Recap	1e5	1	2	0.0	1
31	5	1e5	10	1	0.0	2
32	5	1e5	10	2	0.0	2
33	5	1e5	5	1	0.0	2
34	5	1e5	5	2	0.0	2
35	5	1e5	1	1	0.0	2
36	5	1e5	1	2	0.0	2
37	10	1e5	10	1	0.0	2
38	10	1e5	10	2	0.0	2
39	10	1e5	5	1	0.0	2
40	10	1e5	5	2	0.0	2
41	10	1e5	1	1	0.0	2
42	10	1e5	1	2	0.0	2
43	20	1e5	10	1	0.0	2
44	20	1e5	10	2	0.0	2
45	20	1e5	5	1	0.0	2
46	20	1e5	5	2	0.0	2
47	20	1e5	1	1	0.0	2
48	20	1e5	1	2	0.0	2
49	Coal	1e5	10	1	0.0	2
50	Coal	1e5	10	2	0.0	2
51	Coal	1e5	5	1	0.0	2
52	Coal	1e5	5	2	0.0	2
53	Coal	1e5	1	1	0.0	2
54	Coal	1e5	1	2	0.0	2
55	Recap	1e5	10	1	0.0	2
56	Recap	1e5	10	2	0.0	2
57	Recap	1e5	5	1	0.0	2
58	Recap	1e5	5	2	0.0	2
59	Recap	1e5	1	1	0.0	2
60	Recap	1e5	1	2	0.0	2
61	5	1e5	10	1	0.0	3
62	5	1e5	10	2	0.0	3
63	5	1e5	5	1	0.0	3
64	5	1e5	5	2	0.0	3
65	5	1e5	1	1	0.0	3
66	5	1e5	1	2	0.0	3
67	10	1e5	10	1	0.0	3
68	10	1e5	10	2	0.0	3
69	10	1e5	5	1	0.0	3
70	10	1e5	5	2	0.0	3
71	10	1e5	1	1	0.0	3
72	10	1e5	1	2	0.0	3
73	20	1e5	10	1	0.0	3
74	20	1e5	10	2	0.0	3
75	20	1e5	5	1	0.0	3
76	20	1e5	5	2	0.0	3
77	20	1e5	1	1	0.0	3
78	20	1e5	1	2	0.0	3
79	Coal	1e5	10	1	0.0	3
80	Coal	1e5	10	2	0.0	3
81	Coal	1e5	5	1	0.0	3
82	Coal	1e5	5	2	0.0	3
83	Coal	1e5	1	1	0.0	3
84	Coal	1e5	1	2	0.0	3
85	Recap	1e5	10	1	0.0	3
86	Recap	1e5	10	2	0.0	3
87	Recap	1e5	5	1	0.0	3
88	Recap	1e5	5	2	0.0	3
89	Recap	1e5	1	1	0.0	3
90	Recap	1e5	1	2	0.0	3
91	5	1e5	10	1	0.0	4
92	5	1e5	10	2	0.0	4
93	5	1e5	5	1	0.0	4
94	5	1e5	5	2	0.0	4
95	5	1e5	1	1	0.0	4
96	5	1e5	1	2	0.0	4
97	10	1e5	10	1	0.0	4
98	10	1e5	10	2	0.0	4
99	10	1e5	5	1	0.0	4
100	10	1e5	5	2	0.0	4
101	10	1e5	1	1	0.0	4
102	10	1e5	1	2	0.0	4
103	20	1e5	10	1	0.0	4
104	20	1e5	10	2	0.0	4
105	20	1e5	5	1	0.0	4
106	20	1e5	5	2	0.0	4
107	20	1e5	1	1	0.0	4
108	20	1e5	1	2	0.0	4
109	Coal	1e5	10	1	0.0	4
110	Coal	1e5	10	2	0.0	4
111	Coal	1e5	5	1	0.0	4
112	Coal	1e5	5	2	0.0	4
113	Coal	1e5	1	1	0.0	4
114	Coal	1e5	1	2	0.0	4
115	Recap	1e5	10	1	0.0	4
116	Recap	1e5	10	2	0.0	4
117	Recap	1e5	5	1	0.0	4
118	Recap	1e5	5	2	0.0	4
119	Recap	1e5	1	1	0.0	4
120	Recap	1e5	1	2	0.0	4
121	5	1e5	10	1	0.0	5
122	5	1e5	10	2	0.0	5
123	5	1e5	5	1	0.0	5
124	5	1e5	5	2	0.0	5
125	5	1e5	1	1	0.0	5
126	5	1e5	1	2	0.0	5
127	10	1e5	10	1	0.0	5
128	10	1e5	10	2	0.0	5
129	10	1e5	5	1	0.0	5
130	10	1e5	5	2	0.0	5
131	10	1e5	1	1	0.0	5
132	10	1e5	1	2	0.0	5
133	20	1e5	10	1	0.0	5
134	20	1e5	10	2	0.0	5
135	20	1e5	5	1	0.0	5
136	20	1e5	5	2	0.0	5
137	20	1e5	1	1	0.0	5
138	20	1e5	1	2	0.0	5
139	Coal	1e5	10	1	0.0	5
140	Coal	1e5	10	2	0.0	5
141	Coal	1e5	5	1	0.0	5
142	Coal	1e5	5	2	0.0	5
143	Coal	1e5	1	1	0.0	5
144	Coal	1e5	1	2	0.0	5
145	Recap	1e5	10	1	0.0	5
146	Recap	1e5	10	2	0.0	5
147	Recap	1e5	5	1	0.0	5
148	Recap	1e5	5	2	0.0	5
149	Recap	1e5	1	1	0.0	5
150	Recap	1e5	1	2	0.0	5
151	5	1e5	10	1	0.0	6
152	5	1e5	10	2	0.0	6
153	5	1e5	5	1	0.0	6
154	5	1e5	5	2	0.0	6
155	5	1e5	1	1	0.0	6
156	5	1e5	1	2	0.0	6
157	10	1e5	10	1	0.0	6
158	10	1e5	10	2	0.0	6
159	10	1e5	5	1	0.0	6
160	10	1e5	5	2	0.0	6
161	10	1e5	1	1	0.0	6
162	10	1e5	1	2	0.0	6
163	20	1e5	10	1	0.0	6
164	20	1e5	10	2	0.0	6
165	20	1e5	5	1	0.0	6
166	20	1e5	5	2	0.0	6
167	20	1e5	1	1	0.0	6
168	20	1e5	1	2	0.0	6
169	Coal	1e5	10	1	0.0	6
170	Coal	1e5	10	2	0.0	6
171	Coal	1e5	5	1	0.0	6
172	Coal	1e5	5	2	0.0	6
173	Coal	1e5	1	1	0.0	6
174	Coal	1e5	1	2	0.0	6
175	Recap	1e5	10	1	0.0	6
176	Recap	1e5	10	2	0.0	6
177	Recap	1e5	5	1	0.0	6
178	Recap	1e5	5	2	0.0	6
179	Recap	1e5	1	1	0.0	6
180	Recap	1e5	1	2	0.0	6
181	5	1e5	10	1	0.0	7
182	5	1e5	10	2	0.0	7
183	5	1e5	5	1	0.0	7
184	5	1e5	5	2	0.0	7
185	5	1e5	1	1	0.0	7
186	5	1e5	1	2	0.0	7
187	10	1e5	10	1	0.0	7
188	10	1e5	10	2	0.0	7
189	10	1e5	5	1	0.0	7
190	10	1e5	5	2	0.0	7
191	10	1e5	1	1	0.0	7
192	10	1e5	1	2	0.0	7
193	20	1e5	10	1	0.0	7
194	20	1e5	10	2	0.0	7
195	20	1e5	5	1	0.0	7
196	20	1e5	5	2	0.0	7
197	20	1e5	1	1	0.0	7
198	20	1e5	1	2	0.0	7
199	Coal	1e5	10	1	0.0	7
200	Coal	1e5	10	2	0.0	7
201	Coal	1e5	5	1	0.0	7
202	Coal	1e5	5	2	0.0	7
203	Coal	1e5	1	1	0.0	7
204	Coal	1e5	1	2	0.0	7
205	Recap	1e5	10	1	0.0	7
206	Recap	1e5	10	2	0.0	7
207	Recap	1e5	5	1	0.0	7
208	Recap	1e5	5	2	0.0	7
209	Recap	1e5	1	1	0.0	7
210	Recap	1e5	1	2	0.0	7
211	5	1e5	10	1	0.0	8
212	5	1e5	10	2	0.0	8
213	5	1e5	5	1	0.0	8
214	5	1e5	5	2	0.0	8
215	5	1e5	1	1	0.0	8
216	5	1e5	1	2	0.0	8
217	10	1e5	10	1	0.0	8
218	10	1e5	10	2	0.0	8
219	10	1e5	5	1	0.0	8
220	10	1e5	5	2	0.0	8
221	10	1e5	1	1	0.0	8
222	10	1e5	1	2	0.0	8
223	20	1e5	10	1	0.0	8
224	20	1e5	10	2	0.0	8
225	20	1e5	5	1	0.0	8
226	20	1e5	5	2	0.0	8
227	20	1e5	1	1	0.0	8
228	20	1e5	1	2	0.0	8
229	Coal	1e5	10	1	0.0	8
230	Coal	1e5	10	2	0.0	8
231	Coal	1e5	5	1	0.0	8
232	Coal	1e5	5	2	0.0	8
233	Coal	1e5	1	1	0.0	8
234	Coal	1e5	1	2	0.0	8
235	Recap	1e5	10	1	0.0	8
236	Recap	1e5	10	2	0.0	8
237	Recap	1e5	5	1	0.0	8
238	Recap	1e5	5	2	0.0	8
239	Recap	1e5	1	1	0.0	8
240	Recap	1e5	1	2	0.0	8
241	5	1e5	10	1	0.0	9
242	5	1e5	10	2	0.0	9
243	5	1e5	5	1	0.0	9
244	5	1e5	5	2	0.0	9
245	5	1e5	1	1	0.0	9
246	5	1e5	1	2	0.0	9
247	10	1e5	10	1	0.0	9
248	10	1e5	10	2	0.0	9
249	10	1e5	5	1	0.0	9
250	10	1e5	5	2	0.0	9
251	10	1e5	1	1	0.0	9
252	10	1e5	1	2	0.0	9
253	20	1e5	10	1	0.0	9
254	20	1e5	10	2	0.0	9
255	20	1e5	5	1	0.0	9
256	20	1e5	5	2	0.0	9
257	20	1e5	1	1	0.0	9
258	20	1e5	1	2	0.0	9
259	Coal	1e5	10	1	0.0	9
260	Coal	1e5	10	2	0.0	9
261	Coal	1e5	5	1	0.0	9
262	Coal	1e5	5	2	0.0	9
263	Coal	1e5	1	1	0.0	9
264	Coal	1e5	1	2	0.0	9
265	Recap	1e5	10	1	0.0	9
266	Recap	1e5	10	2	0.0	9
267	Recap	1e5	5	1	0.0	9
268	Recap	1e5	5	2	0.0	9
269	Recap	1e5	1	1	0.0	9
270	Recap	1e5	1	2	0.0	9
271	5	1e5	10	1	0.0	10
272	5	1e5	10	2	0.0	10
273	5	1e5	5	1	0.0	10
274	5	1e5	5	2	0.0	10
275	5	1e5	1	1	0.0	10
276	5	1e5	1	2	0.0	10
277	10	1e5	10	1	0.0	10
278	10	1e5	10	2	0.0	10
279	10	1e5	5	1	0.0	10
280	10	1e5	5	2	0.0	10
281	10	1e5	1	1	0.0	10
282	10	1e5	1	2	0.0	10
283	20	1e5	10	1	0.0	10
284	20	1e5	10	2	0.0	10
285	20	1e5	5	1	0.0	10
286	20	1e5	5	2	0.0	10
287	20	1e5	1	1	0.0	10
288	20	1e5	1	2	0.0	10
289	Coal	1e5	10	1	0.0	10
290	Coal	1e5	10	2	0.0	10
291	Coal	1e5	5	1	0.0	10
292	Coal	1e5	5	2	0.0	10
293	Coal	1e5	1	1	0.0	10
294	Coal	1e5	1	2	0.0	10
295	Recap	1e5	10	1	0.0	10
296	Recap	1e5	10	2	0.0	10
297	Recap	1e5	5	1	0.0	10
298	Recap	1e5	5	2	0.0	10
299	Recap	1e5	1	1	0.0	10
300	Recap	1e5	1	2	0.0	10
301	5	1e5	10	1	0.0	11
302	5	1e5	10	2	0.0	11
303	5	1e5	5	1	0.0	11
304	5	1e5	5	2	0.0	11
305	5	1e5	1	1	0.0	11
306	5	1e5	1	2	0.0	11
307	10	1e5	10	1	0.0	11
308	10	1e5	10	2	0.0	11
309	10	1e5	5	1	0.0	11
310	10	1e5	5	2	0.0	11
311	10	1e5	1	1	0.0	11
312	10	1e5	1	2	0.0	11
313	20	1e5	10	1	0.0	11
314	20	1e5	10	2	0.0	11
315	20	1e5	5	1	0.0	11
316	20	1e5	5	2	0.0	11
317	20	1e5	1	1	0.0	11
318	20	1e5	1	2	0.0	11
319	Coal	1e5	10	1	0.0	11
320	Coal	1e5	10	2	0.0	11
321	Coal	1e5	5	1	0.0	11
322	Coal	1e5	5	2	0.0	11
323	Coal	1e5	1	1	0.0	11
324	Coal	1e5	1	2	0.0	11
325	Recap	1e5	10	1	0.0	11
326	Recap	1e5	10	2	0.0	11
327	Recap	1e5	5	1	0.0	11
328	Recap	1e5	5	2	0.0	11
329	Recap	1e5	1	1	0.0	11
330	Recap	1e5	1	2	0.0	11
331	5	1e5	10	1	0.0	12
332	5	1e5	10	2	0.0	12
333	5	1e5	5	1	0.0	12
334	5	1e5	5	2	0.0	12
335	5	1e5	1	1	0.0	12
336	5	1e5	1	2	0.0	12
337	10	1e5	10	1	0.0	12
338	10	1e5	10	2	0.0	12
339	10	1e5	5	1	0.0	12
340	10	1e5	5	2	0.0	12
341	10	1e5	1	1	0.0	12
342	10	1e5	1	2	0.0	12
343	20	1e5	10	1	0.0	12
344	20	1e5	10	2	0.0	12
345	20	1e5	5	1	0.0	12
346	20	1e5	5	2	0.0	12
347	20	1e5	1	1	0.0	12
348	20	1e5	1	2	0.0	12
349	Coal	1e5	10	1	0.0	12
350	Coal	1e5	10	2	0.0	12
351	Coal	1e5	5	1	0.0	12
352	Coal	1e5	5	2	0.0	12
353	Coal	1e5	1	1	0.0	12
354	Coal	1e5	1	2	0.0	12
355	Recap	1e5	10	1	0.0	12
356	Recap	1e5	10	2	0.0	12
357	Recap	1e5	5	1	0.0	12
358	Recap	1e5	5	2	0.0	12
359	Recap	1e5	1	1	0.0	12
360	Recap	1e5	1	2	0.0	12
361	5	1e5	10	1	0.0	13
362	5	1e5	10	2	0.0	13
363	5	1e5	5	1	0.0	13
364	5	1e5	5	2	0.0	13
365	5	1e5	1	1	0.0	13
366	5	1e5	1	2	0.0	13
367	10	1e5	10	1	0.0	13
368	10	1e5	10	2	0.0	13
369	10	1e5	5	1	0.0	13
370	10	1e5	5	2	0.0	13
371	10	1e5	1	1	0.0	13
372	10	1e5	1	2	0.0	13
373	20	1e5	10	1	0.0	13
374	20	1e5	10	2	0.0	13
375	20	1e5	5	1	0.0	13
376	20	1e5	5	2	0.0	13
377	20	1e5	1	1	0.0	13
378	20	1e5	1	2	0.0	13
379	Coal	1e5	10	1	0.0	13
380	Coal	1e5	10	2	0.0	13
381	Coal	1e5	5	1	0.0	13
382	Coal	1e5	5	2	0.0	13
383	Coal	1e5	1	1	0.0	13
384	Coal	1e5	1	2	0.0	13
385	Recap	1e5	10	1	0.0	13
386	Recap	1e5	10	2	0.0	13
387	Recap	1e5	5	1	0.0	13
388	Recap	1e5	5	2	0.0	13
389	Recap	1e5	1	1	0.0	13
390	Recap	1e5	1	2	0.0	13
391	5	1e5	10	1	0.0	14
392	5	1e5	10	2	0.0	14
393	5	1e5	5	1	0.0	14
394	5	1e5	5	2	0.0	14
395	5	1e5	1	1	0.0	14
396	5	1e5	1	2	0.0	14
397	10	1e5	10	1	0.0	14
398	10	1e5	10	2	0.0	14
399	10	1e5	5	1	0.0	14
400	10	1e5	5	2	0.0	14
401	10	1e5	1	1	0.0	14
402	10	1e5	1	2	0.0	14
403	20	1e5	10	1	0.0	14
404	20	1e5	10	2	0.0	14
405	20	1e5	5	1	0.0	14
406	20	1e5	5	2	0.0	14
407	20	1e5	1	1	0.0	14
408	20	1e5	1	2	0.0	14
409	Coal	1e5	10	1	0.0	14
410	Coal	1e5	10	2	0.0	14
411	Coal	1e5	5	1	0.0	14
412	Coal	1e5	5	2	0.0	14
413	Coal	1e5	1	1	0.0	14
414	Coal	1e5	1	2	0.0	14
415	Recap	1e5	10	1	0.0	14
416	Recap	1e5	10	2	0.0	14
417	Recap	1e5	5	1	0.0	14
418	Recap	1e5	5	2	0.0	14
419	Recap	1e5	1	1	0.0	14
420	Recap	1e5	1	2	0.0	14
421	5	1e5	10	1	0.0	15
422	5	1e5	10	2	0.0	15
423	5	1e5	5	1	0.0	15
424	5	1e5	5	2	0.0	15
425	5	1e5	1	1	0.0	15
426	5	1e5	1	2	0.0	15
427	10	1e5	10	1	0.0	15
428	10	1e5	10	2	0.0	15
429	10	1e5	5	1	0.0	15
430	10	1e5	5	2	0.0	15
431	10	1e5	1	1	0.0	15
432	10	1e5	1	2	0.0	15
433	20	1e5	10	1	0.0	15
434	20	1e5	10	2	0.0	15
435	20	1e5	5	1	0.0	15
436	20	1e5	5	2	0.0	15
437	20	1e5	1	1	0.0	15
438	20	1e5	1	2	0.0	15
439	Coal	1e5	10	1	0.0	15
440	Coal	1e5	10	2	0.0	15
441	Coal	1e5	5	1	0.0	15
442	Coal	1e5	5	2	0.0	15
443	Coal	1e5	1	1	0.0	15
444	Coal	1e5	1	2	0.0	15
445	Recap	1e5	10	1	0.0	15
446	Recap	1e5	10	2	0.0	15
447	Recap	1e5	5	1	0.0	15
448	Recap	1e5	5	2	0.0	15
449	Recap	1e5	1	1	0.0	15
450	Recap	1e5	1	2	0.0	15
451	5	1e5	10	1	0.0	16
452	5	1e5	10	2	0.0	16
453	5	1e5	5	1	0.0	16
454	5	1e5	5	2	0.0	16
455	5	1e5	1	1	0.0	16
456	5	1e5	1	2	0.0	16
457	10	1e5	10	1	0.0	16
458	10	1e5	10	2	0.0	16
459	10	1e5	5	1	0.0	16
460	10	1e5	5	2	0.0	16
461	10	1e5	1	1	0.0	16
462	10	1e5	1	2	0.0	16
463	20	1e5	10	1	0.0	16
464	20	1e5	10	2	0.0	16
465	20	1e5	5	1	0.0	16
466	20	1e5	5	2	0.0	16
467	20	1e5	1	1	0.0	16
468	20	1e5	1	2	0.0	16
469	Coal	1e5	10	1	0.0	16
470	Coal	1e5	10	2	0.0	16
471	Coal	1e5	5	1	0.0	16
472	Coal	1e5	5	2	0.0	16
473	Coal	1e5	1	1	0.0	16
474	Coal	1e5	1	2	0.0	16
475	Recap	1e5	10	1	0.0	16
476	Recap	1e5	10	2	0.0	16
477	Recap	1e5	5	1	0.0	16
478	Recap	1e5	5	2	0.0	16
479	Recap	1e5	1	1	0.0	16
480	Recap	1e5	1	2	0.0	16
481	5	1e5	10	1	0.0	17
482	5	1e5	10	2	0.0	17
483	5	1e5	5	1	0.0	17
484	5	1e5	5	2	0.0	17
485	5	1e5	1	1	0.0	17
486	5	1e5	1	2	0.0	17
487	10	1e5	10	1	0.0	17
488	10	1e5	10	2	0.0	17
489	10	1e5	5	1	0.0	17
490	10	1e5	5	2	0.0	17
491	10	1e5	1	1	0.0	17
492	10	1e5	1	2	0.0	17
493	20	1e5	10	1	0.0	17
494	20	1e5	10	2	0.0	17
495	20	1e5	5	1	0.0	17
496	20	1e5	5	2	0.0	17
497	20	1e5	1	1	0.0	17
498	20	1e5	1	2	0.0	17
499	Coal	1e5	10	1	0.0	17
500	Coal	1e5	10	2	0.0	17
501	Coal	1e5	5	1	0.0	17
502	Coal	1e5	5	2	0.0	17
503	Coal	1e5	1	1	0.0	17
504	Coal	1e5	1	2	0.0	17
505	Recap	1e5	10	1	0.0	17
506	Recap	1e5	10	2	0.0	17
507	Recap	1e5	5	1	0.0	17
508	Recap	1e5	5	2	0.0	17
509	Recap	1e5	1	1	0.0	17
510	Recap	1e5	1	2	0.0	17
511	5	1e5	10	1	0.0	18
512	5	1e5	10	2	0.0	18
513	5	1e5	5	1	0.0	18
514	5	1e5	5	2	0.0	18
515	5	1e5	1	1	0.0	18
516	5	1e5	1	2	0.0	18
517	10	1e5	10	1	0.0	18
518	10	1e5	10	2	0.0	18
519	10	1e5	5	1	0.0	18
520	10	1e5	5	2	0.0	18
521	10	1e5	1	1	0.0	18
522	10	1e5	1	2	0.0	18
523	20	1e5	10	1	0.0	18
524	20	1e5	10	2	0.0	18
525	20	1e5	5	1	0.0	18
526	20	1e5	5	2	0.0	18
527	20	1e5	1	1	0.0	18
528	20	1e5	1	2	0.0	18
529	Coal	1e5	10	1	0.0	18
530	Coal	1e5	10	2	0.0	18
531	Coal	1e5	5	1	0.0	18
532	Coal	1e5	5	2	0.0	18
533	Coal	1e5	1	1	0.0	18
534	Coal	1e5	1	2	0.0	18
535	Recap	1e5	10	1	0.0	18
536	Recap	1e5	10	2	0.0	18
537	Recap	1e5	5	1	0.0	18
538	Recap	1e5	5	2	0.0	18
539	Recap	1e5	1	1	0.0	18
540	Recap	1e5	1	2	0.0	18
541	5	1e5	10	1	0.0	19
542	5	1e5	10	2	0.0	19
543	5	1e5	5	1	0.0	19
544	5	1e5	5	2	0.0	19
545	5	1e5	1	1	0.0	19
546	5	1e5	1	2	0.0	19
547	10	1e5	10	1	0.0	19
548	10	1e5	10	2	0.0	19
549	10	1e5	5	1	0.0	19
550	10	1e5	5	2	0.0	19
551	10	1e5	1	1	0.0	19
552	10	1e5	1	2	0.0	19
553	20	1e5	10	1	0.0	19
554	20	1e5	10	2	0.0	19
555	20	1e5	5	1	0.0	19
556	20	1e5	5	2	0.0	19
557	20	1e5	1	1	0.0	19
558	20	1e5	1	2	0.0	19
559	Coal	1e5	10	1	0.0	19
560	Coal	1e5	10	2	0.0	19
561	Coal	1e5	5	1	0.0	19
562	Coal	1e5	5	2	0.0	19
563	Coal	1e5	1	1	0.0	19
564	Coal	1e5	1	2	0.0	19
565	Recap	1e5	10	1	0.0	19
566	Recap	1e5	10	2	0.0	19
567	Recap	1e5	5	1	0.0	19
568	Recap	1e5	5	2	0.0	19
569	Recap	1e5	1	1	0.0	19
570	Recap	1e5	1	2	0.0	19
571	5	1e5	10	1	0.0	20
572	5	1e5	10	2	0.0	20
573	5	1e5	5	1	0.0	20
574	5	1e5	5	2	0.0	20
575	5	1e5	1	1	0.0	20
576	5	1e5	1	2	0.0	20
577	10	1e5	10	1	0.0	20
578	10	1e5	10	2	0.0	20
579	10	1e5	5	1	0.0	20
580	10	1e5	5	2	0.0	20
581	10	1e5	1	1	0.0	20
582	10	1e5	1	2	0.0	20
583	20	1e5	10	1	0.0	20
584	20	1e5	10	2	0.0	20
585	20	1e5	5	1	0.0	20
586	20	1e5	5	2	0.0	20
587	20	1e5	1	1	0.0	20
588	20	1e5	1	2	0.0	20
589	Coal	1e5	10	1	0.0	20
590	Coal	1e5	10	2	0.0	20
591	Coal	1e5	5	1	0.0	20
592	Coal	1e5	5	2	0.0	20
593	Coal	1e5	1	1	0.0	20
594	Coal	1e5	1	2	0.0	20
595	Recap	1e5	10	1	0.0	20
596	Recap	1e5	10	2	0.0	20
597	Recap	1e5	5	1	0.0	20
598	Recap	1e5	5	2	0.0	20
599	Recap	1e5	1	1	0.0	20
600	Recap	1e5	1	2	0.0	20
601	5	1e5	10	1	0.0	21
602	5	1e5	10	2	0.0	21
603	5	1e5	5	1	0.0	21
604	5	1e5	5	2	0.0	21
605	5	1e5	1	1	0.0	21
606	5	1e5	1	2	0.0	21
607	10	1e5	10	1	0.0	21
608	10	1e5	10	2	0.0	21
609	10	1e5	5	1	0.0	21
610	10	1e5	5	2	0.0	21
611	10	1e5	1	1	0.0	21
612	10	1e5	1	2	0.0	21
613	20	1e5	10	1	0.0	21
614	20	1e5	10	2	0.0	21
615	20	1e5	5	1	0.0	21
616	20	1e5	5	2	0.0	21
617	20	1e5	1	1	0.0	21
618	20	1e5	1	2	0.0	21
619	Coal	1e5	10	1	0.0	21
620	Coal	1e5	10	2	0.0	21
621	Coal	1e5	5	1	0.0	21
622	Coal	1e5	5	2	0.0	21
623	Coal	1e5	1	1	0.0	21
624	Coal	1e5	1	2	0.0	21
625	Recap	1e5	10	1	0.0	21
626	Recap	1e5	10	2	0.0	21
627	Recap	1e5	5	1	0.0	21
628	Recap	1e5	5	2	0.0	21
629	Recap	1e5	1	1	0.0	21
630	Recap	1e5	1	2	0.0	21
631	5	1e5	10	1	0.0	22
632	5	1e5	10	2	0.0	22
633	5	1e5	5	1	0.0	22
634	5	1e5	5	2	0.0	22
635	5	1e5	1	1	0.0	22
636	5	1e5	1	2	0.0	22
637	10	1e5	10	1	0.0	22
638	10	1e5	10	2	0.0	22
639	10	1e5	5	1	0.0	22
640	10	1e5	5	2	0.0	22
641	10	1e5	1	1	0.0	22
642	10	1e5	1	2	0.0	22
643	20	1e5	10	1	0.0	22
644	20	1e5	10	2	0.0	22
645	20	1e5	5	1	0.0	22
646	20	1e5	5	2	0.0	22
647	20	1e5	1	1	0.0	22
648	20	1e5	1	2	0.0	22
649	Coal	1e5	10	1	0.0	22
650	Coal	1e5	10	2	0.0	22
651	Coal	1e5	5	1	0.0	22
652	Coal	1e5	5	2	0.0	22
653	Coal	1e5	1	1	0.0	22
654	Coal	1e5	1	2	0.0	22
655	Recap	1e5	10	1	0.0	22
656	Recap	1e5	10	2	0.0	22
657	Recap	1e5	5	1	0.0	22
658	Recap	1e5	5	2	0.0	22
659	Recap	1e5	1	1	0.0	22
660	Recap	1e5	1	2	0.0	22
661	5	1e5	10	1	0.0	23
662	5	1e5	10	2	0.0	23
663	5	1e5	5	1	0.0	23
664	5	1e5	5	2	0.0	23
665	5	1e5	1	1	0.0	23
666	5	1e5	1	2	0.0	23
667	10	1e5	10	1	0.0	23
668	10	1e5	10	2	0.0	23
669	10	1e5	5	1	0.0	23
670	10	1e5	5	2	0.0	23
671	10	1e5	1	1	0.0	23
672	10	1e5	1	2	0.0	23
673	20	1e5	10	1	0.0	23
674	20	1e5	10	2	0.0	23
675	20	1e5	5	1	0.0	23
676	20	1e5	5	2	0.0	23
677	20	1e5	1	1	0.0	23
678	20	1e5	1	2	0.0	23
679	Coal	1e5	10	1	0.0	23
680	Coal	1e5	10	2	0.0	23
681	Coal	1e5	5	1	0.0	23
682	Coal	1e5	5	2	0.0	23
683	Coal	1e5	1	1	0.0	23
684	Coal	1e5	1	2	0.0	23
685	Recap	1e5	10	1	0.0	23
686	Recap	1e5	10	2	0.0	23
687	Recap	1e5	5	1	0.0	23
688	Recap	1e5	5	2	0.0	23
689	Recap	1e5	1	1	0.0	23
690	Recap	1e5	1	2	0.0	23
691	5	1e5	10	1	0.0	24
692	5	1e5	10	2	0.0	24
693	5	1e5	5	1	0.0	24
694	5	1e5	5	2	0.0	24
695	5	1e5	1	1	0.0	24
696	5	1e5	1	2	0.0	24
697	10	1e5	10	1	0.0	24
698	10	1e5	10	2	0.0	24
699	10	1e5	5	1	0.0	24
700	10	1e5	5	2	0.0	24
701	10	1e5	1	1	0.0	24
702	10	1e5	1	2	0.0	24
703	20	1e5	10	1	0.0	24
704	20	1e5	10	2	0.0	24
705	20	1e5	5	1	0.0	24
706	20	1e5	5	2	0.0	24
707	20	1e5	1	1	0.0	24
708	20	1e5	1	2	0.0	24
709	Coal	1e5	10	1	0.0	24
710	Coal	1e5	10	2	0.0	24
711	Coal	1e5	5	1	0.0	24
712	Coal	1e5	5	2	0.0	24
713	Coal	1e5	1	1	0.0	24
714	Coal	1e5	1	2	0.0	24
715	Recap	1e5	10	1	0.0	24
716	Recap	1e5	10	2	0.0	24
717	Recap	1e5	5	1	0.0	24
718	Recap	1e5	5	2	0.0	24
719	Recap	1e5	1	1	0.0	24
720	Recap	1e5	1	2	0.0	24
721	5	1e5	10	1	0.0	25
722	5	1e5	10	2	0.0	25
723	5	1e5	5	1	0.0	25
724	5	1e5	5	2	0.0	25
725	5	1e5	1	1	0.0	25
726	5	1e5	1	2	0.0	25
727	10	1e5	10	1	0.0	25
728	10	1e5	10	2	0.0	25
729	10	1e5	5	1	0.0	25
730	10	1e5	5	2	0.0	25
731	10	1e5	1	1	0.0	25
732	10	1e5	1	2	0.0	25
733	20	1e5	10	1	0.0	25
734	20	1e5	10	2	0.0	25
735	20	1e5	5	1	0.0	25
736	20	1e5	5	2	0.0	25
737	20	1e5	1	1	0.0	25
738	20	1e5	1	2	0.0	25
739	Coal	1e5	10	1	0.0	25
740	Coal	1e5	10	2	0.0	25
741	Coal	1e5	5	1	0.0	25
742	Coal	1e5	5	2	0.0	25
743	Coal	1e5	1	1	0.0	25
744	Coal	1e5	1	2	0.0	25
745	Recap	1e5	10	1	0.0	25
746	Recap	1e5	10	2	0.0	25
747	Recap	1e5	5	1	0.0	25
748	Recap	1e5	5	2	0.0	25
749	Recap	1e5	1	1	0.0	25
750	Recap	1e5	1	2	0.0	25
751	5	1e5	10	1	0.0	26
752	5	1e5	10	2	0.0	26
753	5	1e5	5	1	0.0	26
754	5	1e5	5	2	0.0	26
755	5	1e5	1	1	0.0	26
756	5	1e5	1	2	0.0	26
757	10	1e5	10	1	0.0	26
758	10	1e5	10	2	0.0	26
759	10	1e5	5	1	0.0	26
760	10	1e5	5	2	0.0	26
761	10	1e5	1	1	0.0	26
762	10	1e5	1	2	0.0	26
763	20	1e5	10	1	0.0	26
764	20	1e5	10	2	0.0	26
765	20	1e5	5	1	0.0	26
766	20	1e5	5	2	0.0	26
767	20	1e5	1	1	0.0	26
768	20	1e5	1	2	0.0	26
769	Coal	1e5	10	1	0.0	26
770	Coal	1e5	10	2	0.0	26
771	Coal	1e5	5	1	0.0	26
772	Coal	1e5	5	2	0.0	26
773	Coal	1e5	1	1	0.0	26
774	Coal	1e5	1	2	0.0	26
775	Recap	1e5	10	1	0.0	26
776	Recap	1e5	10	2	0.0	26
777	Recap	1e5	5	1	0.0	26
778	Recap	1e5	5	2	0.0	26
779	Recap	1e5	1	1	0.0	26
780	Recap	1e5	1	2	0.0	26
781	5	1e5	10	1	0.0	27
782	5	1e5	10	2	0.0	27
783	5	1e5	5	1	0.0	27
784	5	1e5	5	2	0.0	27
785	5	1e5	1	1	0.0	27
786	5	1e5	1	2	0.0	27
787	10	1e5	10	1	0.0	27
788	10	1e5	10	2	0.0	27
789	10	1e5	5	1	0.0	27
790	10	1e5	5	2	0.0	27
791	10	1e5	1	1	0.0	27
792	10	1e5	1	2	0.0	27
793	20	1e5	10	1	0.0	27
794	20	1e5	10	2	0.0	27
795	20	1e5	5	1	0.0	27
796	20	1e5	5	2	0.0	27
797	20	1e5	1	1	0.0	27
798	20	1e5	1	2	0.0	27
799	Coal	1e5	10	1	0.0	27
800	Coal	1e5	10	2	0.0	27
801	Coal	1e5	5	1	0.0	27
802	Coal	1e5	5	2	0.0	27
803	Coal	1e5	1	1	0.0	27
804	Coal	1e5	1	2	0.0	27
805	Recap	1e5	10	1	0.0	27
806	Recap	1e5	10	2	0.0	27
807	Recap	1e5	5	1	0.0	27
808	Recap	1e5	5	2	0.0	27
809	Recap	1e5	1	1	0.0	27
810	Recap	1e5	1	2	0.0	27
811	5	1e5	10	1	0.0	28
812	5	1e5	10	2	0.0	28
813	5	1e5	5	1	0.0	28
814	5	1e5	5	2	0.0	28
815	5	1e5	1	1	0.0	28
816	5	1e5	1	2	0.0	28
817	10	1e5	10	1	0.0	28
818	10	1e5	10	2	0.0	28
819	10	1e5	5	1	0.0	28
820	10	1e5	5	2	0.0	28
821	10	1e5	1	1	0.0	28
822	10	1e5	1	2	0.0	28
823	20	1e5	10	1	0.0	28
824	20	1e5	10	2	0.0	28
825	20	1e5	5	1	0.0	28
826	20	1e5	5	2	0.0	28
827	20	1e5	1	1	0.0	28
828	20	1e5	1	2	0.0	28
829	Coal	1e5	10	1	0.0	28
830	Coal	1e5	10	2	0.0	28
831	Coal	1e5	5	1	0.0	28
832	Coal	1e5	5	2	0.0	28
833	Coal	1e5	1	1	0.0	28
834	Coal	1e5	1	2	0.0	28
835	Recap	1e5	10	1	0.0	28
836	Recap	1e5	10	2	0.0	28
837	Recap	1e5	5	1	0.0	28
838	Recap	1e5	5	2	0.0	28
839	Recap	1e5	1	1	0.0	28
840	Recap	1e5	1	2	0.0	28
841	5	1e5	10	1	0.0	29
842	5	1e5	10	2	0.0	29
843	5	1e5	5	1	0.0	29
844	5	1e5	5	2	0.0	29
845	5	1e5	1	1	0.0	29
846	5	1e5	1	2	0.0	29
847	10	1e5	10	1	0.0	29
848	10	1e5	10	2	0.0	29
849	10	1e5	5	1	0.0	29
850	10	1e5	5	2	0.0	29
851	10	1e5	1	1	0.0	29
852	10	1e5	1	2	0.0	29
853	20	1e5	10	1	0.0	29
854	20	1e5	10	2	0.0	29
855	20	1e5	5	1	0.0	29
856	20	1e5	5	2	0.0	29
857	20	1e5	1	1	0.0	29
858	20	1e5	1	2	0.0	29
859	Coal	1e5	10	1	0.0	29
860	Coal	1e5	10	2	0.0	29
861	Coal	1e5	5	1	0.0	29
862	Coal	1e5	5	2	0.0	29
863	Coal	1e5	1	1	0.0	29
864	Coal	1e5	1	2	0.0	29
865	Recap	1e5	10	1	0.0	29
866	Recap	1e5	10	2	0.0	29
867	Recap	1e5	5	1	0.0	29
868	Recap	1e5	5	2	0.0	29
869	Recap	1e5	1	1	0.0	29
870	Recap	1e5	1	2	0.0	29
871	5	1e5	10	1	0.0	30
872	5	1e5	10	2	0.0	30
873	5	1e5	5	1	0.0	30
874	5	1e5	5	2	0.0	30
875	5	1e5	1	1	0.0	30
876	5	1e5	1	2	0.0	30
877	10	1e5	10	1	0.0	30
878	10	1e5	10	2	0.0	30
879	10	1e5	5	1	0.0	30
880	10	1e5	5	2	0.0	30
881	10	1e5	1	1	0.0	30
882	10	1e5	1	2	0.0	30
883	20	1e5	10	1	0.0	30
884	20	1e5	10	2	0.0	30
885	20	1e5	5	1	0.0	30
886	20	1e5	5	2	0.0	30
887	20	1e5	1	1	0.0	30
888	20	1e5	1	2	0.0	30
889	Coal	1e5	10	1	0.0	30
890	Coal	1e5	10	2	0.0	30
891	Coal	1e5	5	1	0.0	30
892	Coal	1e5	5	2	0.0	30
893	Coal	1e5	1	1	0.0	30
894	Coal	1e5	1	2	0.0	30
895	Recap	1e5	10	1	0.0	30
896	Recap	1e5	10	2	0.0	30
897	Recap	1e5	5	1	0.0	30
898	Recap	1e5	5	2	0.0	30
899	Recap	1e5	1	1	0.0	30
900	Recap	1e5	1	2	0.0	30
901	5	1e5	10	1	0.0	31
902	5	1e5	10	2	0.0	31
903	5	1e5	5	1	0.0	31
904	5	1e5	5	2	0.0	31
905	5	1e5	1	1	0.0	31
906	5	1e5	1	2	0.0	31
907	10	1e5	10	1	0.0	31
908	10	1e5	10	2	0.0	31
909	10	1e5	5	1	0.0	31
910	10	1e5	5	2	0.0	31
911	10	1e5	1	1	0.0	31
912	10	1e5	1	2	0.0	31
913	20	1e5	10	1	0.0	31
914	20	1e5	10	2	0.0	31
915	20	1e5	5	1	0.0	31
916	20	1e5	5	2	0.0	31
917	20	1e5	1	1	0.0	31
918	20	1e5	1	2	0.0	31
919	Coal	1e5	10	1	0.0	31
920	Coal	1e5	10	2	0.0	31
921	Coal	1e5	5	1	0.0	31
922	Coal	1e5	5	2	0.0	31
923	Coal	1e5	1	1	0.0	31
924	Coal	1e5	1	2	0.0	31
925	Recap	1e5	10	1	0.0	31
926	Recap	1e5	10	2	0.0	31
927	Recap	1e5	5	1	0.0	31
928	Recap	1e5	5	2	0.0	31
929	Recap	1e5	1	1	0.0	31
930	Recap	1e5	1	2	0.0	31
931	5	1e5	10	1	0.0	32
932	5	1e5	10	2	0.0	32
933	5	1e5	5	1	0.0	32
934	5	1e5	5	2	0.0	32
935	5	1e5	1	1	0.0	32
936	5	1e5	1	2	0.0	32
937	10	1e5	10	1	0.0	32
938	10	1e5	10	2	0.0	32
939	10	1e5	5	1	0.0	32
940	10	1e5	5	2	0.0	32
941	10	1e5	1	1	0.0	32
942	10	1e5	1	2	0.0	32
943	20	1e5	10	1	0.0	32
944	20	1e5	10	2	0.0	32
945	20	1e5	5	1	0.0	32
946	20	1e5	5	2	0.0	32
947	20	1e5	1	1	0.0	32
948	20	1e5	1	2	0.0	32
949	Coal	1e5	10	1	0.0	32
950	Coal	1e5	10	2	0.0	32
951	Coal	1e5	5	1	0.0	32
952	Coal	1e5	5	2	0.0	32
953	Coal	1e5	1	1	0.0	32
954	Coal	1e5	1	2	0.0	32
955	Recap	1e5	10	1	0.0	32
956	Recap	1e5	10	2	0.0	32
957	Recap	1e5	5	1	0.0	32
958	Recap	1e5	5	2	0.0	32
959	Recap	1e5	1	1	0.0	32
960	Recap	1e5	1	2	0.0	32
961	5	1e5	10	1	0.0	33
962	5	1e5	10	2	0.0	33
963	5	1e5	5	1	0.0	33
964	5	1e5	5	2	0.0	33
965	5	1e5	1	1	0.0	33
966	5	1e5	1	2	0.0	33
967	10	1e5	10	1	0.0	33
968	10	1e5	10	2	0.0	33
969	10	1e5	5	1	0.0	33
970	10	1e5	5	2	0.0	33
971	10	1e5	1	1	0.0	33
972	10	1e5	1	2	0.0	33
973	20	1e5	10	1	0.0	33
974	20	1e5	10	2	0.0	33
975	20	1e5	5	1	0.0	33
976	20	1e5	5	2	0.0	33
977	20	1e5	1	1	0.0	33
978	20	1e5	1	2	0.0	33
979	Coal	1e5	10	1	0.0	33
980	Coal	1e5	10	2	0.0	33
981	Coal	1e5	5	1	0.0	33
982	Coal	1e5	5	2	0.0	33
983	Coal	1e5	1	1	0.0	33
984	Coal	1e5	1	2	0.0	33
985	Recap	1e5	10	1	0.0	33
986	Recap	1e5	10	2	0.0	33
987	Recap	1e5	5	1	0.0	33
988	Recap	1e5	5	2	0.0	33
989	Recap	1e5	1	1	0.0	33
990	Recap	1e5	1	2	0.0	33
991	5	1e5	10	1	0.0	34
992	5	1e5	10	2	0.0	34
993	5	1e5	5	1	0.0	34
994	5	1e5	5	2	0.0	34
995	5	1e5	1	1	0.0	34
996	5	1e5	1	2	0.0	34
997	10	1e5	10	1	0.0	34
998	10	1e5	10	2	0.0	34
999	10	1e5	5	1	0.0	34
1000	10	1e5	5	2	0.0	34
1001	10	1e5	1	1	0.0	34
1002	10	1e5	1	2	0.0	34
1003	20	1e5	10	1	0.0	34
1004	20	1e5	10	2	0.0	34
1005	20	1e5	5	1	0.0	34
1006	20	1e5	5	2	0.0	34
1007	20	1e5	1	1	0.0	34
1008	20	1e5	1	2	0.0	34
1009	Coal	1e5	10	1	0.0	34
1010	Coal	1e5	10	2	0.0	34
1011	Coal	1e5	5	1	0.0	34
1012	Coal	1e5	5	2	0.0	34
1013	Coal	1e5	1	1	0.0	34
1014	Coal	1e5	1	2	0.0	34
1015	Recap	1e5	10	1	0.0	34
1016	Recap	1e5	10	2	0.0	34
1017	Recap	1e5	5	1	0.0	34
1018	Recap	1e5	5	2	0.0	34
1019	Recap	1e5	1	1	0.0	34
1020	Recap	1e5	1	2	0.0	34
1021	5	1e5	10	1	0.0	35
1022	5	1e5	10	2	0.0	35
1023	5	1e5	5	1	0.0	35
1024	5	1e5	5	2	0.0	35
1025	5	1e5	1	1	0.0	35
1026	5	1e5	1	2	0.0	35
1027	10	1e5	10	1	0.0	35
1028	10	1e5	10	2	0.0	35
1029	10	1e5	5	1	0.0	35
1030	10	1e5	5	2	0.0	35
1031	10	1e5	1	1	0.0	35
1032	10	1e5	1	2	0.0	35
1033	20	1e5	10	1	0.0	35
1034	20	1e5	10	2	0.0	35
1035	20	1e5	5	1	0.0	35
1036	20	1e5	5	2	0.0	35
1037	20	1e5	1	1	0.0	35
1038	20	1e5	1	2	0.0	35
1039	Coal	1e5	10	1	0.0	35
1040	Coal	1e5	10	2	0.0	35
1041	Coal	1e5	5	1	0.0	35
1042	Coal	1e5	5	2	0.0	35
1043	Coal	1e5	1	1	0.0	35
1044	Coal	1e5	1	2	0.0	35
1045	Recap	1e5	10	1	0.0	35
1046	Recap	1e5	10	2	0.0	35
1047	Recap	1e5	5	1	0.0	35
1048	Recap	1e5	5	2	0.0	35
1049	Recap	1e5	1	1	0.0	35
1050	Recap	1e5	1	2	0.0	35
1051	5	1e5	10	1	0.0	36
1052	5	1e5	10	2	0.0	36
1053	5	1e5	5	1	0.0	36
1054	5	1e5	5	2	0.0	36
1055	5	1e5	1	1	0.0	36
1056	5	1e5	1	2	0.0	36
1057	10	1e5	10	1	0.0	36
1058	10	1e5	10	2	0.0	36
1059	10	1e5	5	1	0.0	36
1060	10	1e5	5	2	0.0	36
1061	10	1e5	1	1	0.0	36
1062	10	1e5	1	2	0.0	36
1063	20	1e5	10	1	0.0	36
1064	20	1e5	10	2	0.0	36
1065	20	1e5	5	1	0.0	36
1066	20	1e5	5	2	0.0	36
1067	20	1e5	1	1	0.0	36
1068	20	1e5	1	2	0.0	36
1069	Coal	1e5	10	1	0.0	36
1070	Coal	1e5	10	2	0.0	36
1071	Coal	1e5	5	1	0.0	36
1072	Coal	1e5	5	2	0.0	36
1073	Coal	1e5	1	1	0.0	36
1074	Coal	1e5	1	2	0.0	36
1075	Recap	1e5	10	1	0.0	36
1076	Recap	1e5	10	2	0.0	36
1077	Recap	1e5	5	1	0.0	36
1078	Recap	1e5	5	2	0.0	36
1079	Recap	1e5	1	1	0.0	36
1080	Recap	1e5	1	2	0.0	36
1081	5	1e5	10	1	0.0	37
1082	5	1e5	10	2	0.0	37
1083	5	1e5	5	1	0.0	37
1084	5	1e5	5	2	0.0	37
1085	5	1e5	1	1	0.0	37
1086	5	1e5	1	2	0.0	37
1087	10	1e5	10	1	0.0	37
1088	10	1e5	10	2	0.0	37
1089	10	1e5	5	1	0.0	37
1090	10	1e5	5	2	0.0	37
1091	10	1e5	1	1	0.0	37
1092	10	1e5	1	2	0.0	37
1093	20	1e5	10	1	0.0	37
1094	20	1e5	10	2	0.0	37
1095	20	1e5	5	1	0.0	37
1096	20	1e5	5	2	0.0	37
1097	20	1e5	1	1	0.0	37
1098	20	1e5	1	2	0.0	37
1099	Coal	1e5	10	1	0.0	37
1100	Coal	1e5	10	2	0.0	37
1101	Coal	1e5	5	1	0.0	37
1102	Coal	1e5	5	2	0.0	37
1103	Coal	1e5	1	1	0.0	37
1104	Coal	1e5	1	2	0.0	37
1105	Recap	1e5	10	1	0.0	37
1106	Recap	1e5	10	2	0.0	37
1107	Recap	1e5	5	1	0.0	37
1108	Recap	1e5	5	2	0.0	37
1109	Recap	1e5	1	1	0.0	37
1110	Recap	1e5	1	2	0.0	37
1111	5	1e5	10	1	0.0	38
1112	5	1e5	10	2	0.0	38
1113	5	1e5	5	1	0.0	38
1114	5	1e5	5	2	0.0	38
1115	5	1e5	1	1	0.0	38
1116	5	1e5	1	2	0.0	38
1117	10	1e5	10	1	0.0	38
1118	10	1e5	10	2	0.0	38
1119	10	1e5	5	1	0.0	38
1120	10	1e5	5	2	0.0	38
1121	10	1e5	1	1	0.0	38
1122	10	1e5	1	2	0.0	38
1123	20	1e5	10	1	0.0	38
1124	20	1e5	10	2	0.0	38
1125	20	1e5	5	1	0.0	38
1126	20	1e5	5	2	0.0	38
1127	20	1e5	1	1	0.0	38
1128	20	1e5	1	2	0.0	38
1129	Coal	1e5	10	1	0.0	38
1130	Coal	1e5	10	2	0.0	38
1131	Coal	1e5	5	1	0.0	38
1132	Coal	1e5	5	2	0.0	38
1133	Coal	1e5	1	1	0.0	38
1134	Coal	1e5	1	2	0.0	38
1135	Recap	1e5	10	1	0.0	38
1136	Recap	1e5	10	2	0.0	38
1137	Recap	1e5	5	1	0.0	38
1138	Recap	1e5	5	2	0.0	38
1139	Recap	1e5	1	1	0.0	38
1140	Recap	1e5	1	2	0.0	38
1141	5	1e5	10	1	0.0	39
1142	5	1e5	10	2	0.0	39
1143	5	1e5	5	1	0.0	39
1144	5	1e5	5	2	0.0	39
1145	5	1e5	1	1	0.0	39
1146	5	1e5	1	2	0.0	39
1147	10	1e5	10	1	0.0	39
1148	10	1e5	10	2	0.0	39
1149	10	1e5	5	1	0.0	39
1150	10	1e5	5	2	0.0	39
1151	10	1e5	1	1	0.0	39
1152	10	1e5	1	2	0.0	39
1153	20	1e5	10	1	0.0	39
1154	20	1e5	10	2	0.0	39
1155	20	1e5	5	1	0.0	39
1156	20	1e5	5	2	0.0	39
1157	20	1e5	1	1	0.0	39
1158	20	1e5	1	2	0.0	39
1159	Coal	1e5	10	1	0.0	39
1160	Coal	1e5	10	2	0.0	39
1161	Coal	1e5	5	1	0.0	39
1162	Coal	1e5	5	2	0.0	39
1163	Coal	1e5	1	1	0.0	39
1164	Coal	1e5	1	2	0.0	39
1165	Recap	1e5	10	1	0.0	39
1166	Recap	1e5	10	2	0.0	39
1167	Recap	1e5	5	1	0.0	39
1168	Recap	1e5	5	2	0.0	39
1169	Recap	1e5	1	1	0.0	39
1170	Recap	1e5	1	2	0.0	39
1171	5	1e5	10	1	0.0	40
1172	5	1e5	10	2	0.0	40
1173	5	1e5	5	1	0.0	40
1174	5	1e5	5	2	0.0	40
1175	5	1e5	1	1	0.0	40
1176	5	1e5	1	2	0.0	40
1177	10	1e5	10	1	0.0	40
1178	10	1e5	10	2	0.0	40
1179	10	1e5	5	1	0.0	40
1180	10	1e5	5	2	0.0	40
1181	10	1e5	1	1	0.0	40
1182	10	1e5	1	2	0.0	40
1183	20	1e5	10	1	0.0	40
1184	20	1e5	10	2	0.0	40
1185	20	1e5	5	1	0.0	40
1186	20	1e5	5	2	0.0	40
1187	20	1e5	1	1	0.0	40
1188	20	1e5	1	2	0.0	40
1189	Coal	1e5	10	1	0.0	40
1190	Coal	1e5	10	2	0.0	40
1191	Coal	1e5	5	1	0.0	40
1192	Coal	1e5	5	2	0.0	40
1193	Coal	1e5	1	1	0.0	40
1194	Coal	1e5	1	2	0.0	40
1195	Recap	1e5	10	1	0.0	40
1196	Recap	1e5	10	2	0.0	40
1197	Recap	1e5	5	1	0.0	40
1198	Recap	1e5	5	2	0.0	40
1199	Recap	1e5	1	1	0.0	40
1200	Recap	1e5	1	2	0.0	40
1201	5	1e5	10	1	0.0	41
1202	5	1e5	10	2	0.0	41
1203	5	1e5	5	1	0.0	41
1204	5	1e5	5	2	0.0	41
1205	5	1e5	1	1	0.0	41
1206	5	1e5	1	2	0.0	41
1207	10	1e5	10	1	0.0	41
1208	10	1e5	10	2	0.0	41
1209	10	1e5	5	1	0.0	41
1210	10	1e5	5	2	0.0	41
1211	10	1e5	1	1	0.0	41
1212	10	1e5	1	2	0.0	41
1213	20	1e5	10	1	0.0	41
1214	20	1e5	10	2	0.0	41
1215	20	1e5	5	1	0.0	41
1216	20	1e5	5	2	0.0	41
1217	20	1e5	1	1	0.0	41
1218	20	1e5	1	2	0.0	41
1219	Coal	1e5	10	1	0.0	41
1220	Coal	1e5	10	2	0.0	41
1221	Coal	1e5	5	1	0.0	41
1222	Coal	1e5	5	2	0.0	41
1223	Coal	1e5	1	1	0.0	41
1224	Coal	1e5	1	2	0.0	41
1225	Recap	1e5	10	1	0.0	41
1226	Recap	1e5	10	2	0.0	41
1227	Recap	1e5	5	1	0.0	41
1228	Recap	1e5	5	2	0.0	41
1229	Recap	1e5	1	1	0.0	41
1230	Recap	1e5	1	2	0.0	41
1231	5	1e5	10	1	0.0	42
1232	5	1e5	10	2	0.0	42
1233	5	1e5	5	1	0.0	42
1234	5	1e5	5	2	0.0	42
1235	5	1e5	1	1	0.0	42
1236	5	1e5	1	2	0.0	42
1237	10	1e5	10	1	0.0	42
1238	10	1e5	10	2	0.0	42
1239	10	1e5	5	1	0.0	42
1240	10	1e5	5	2	0.0	42
1241	10	1e5	1	1	0.0	42
1242	10	1e5	1	2	0.0	42
1243	20	1e5	10	1	0.0	42
1244	20	1e5	10	2	0.0	42
1245	20	1e5	5	1	0.0	42
1246	20	1e5	5	2	0.0	42
1247	20	1e5	1	1	0.0	42
1248	20	1e5	1	2	0.0	42
1249	Coal	1e5	10	1	0.0	42
1250	Coal	1e5	10	2	0.0	42
1251	Coal	1e5	5	1	0.0	42
1252	Coal	1e5	5	2	0.0	42
1253	Coal	1e5	1	1	0.0	42
1254	Coal	1e5	1	2	0.0	42
1255	Recap	1e5	10	1	0.0	42
1256	Recap	1e5	10	2	0.0	42
1257	Recap	1e5	5	1	0.0	42
1258	Recap	1e5	5	2	0.0	42
1259	Recap	1e5	1	1	0.0	42
1260	Recap	1e5	1	2	0.0	42
1261	5	1e5	10	1	0.0	43
1262	5	1e5	10	2	0.0	43
1263	5	1e5	5	1	0.0	43
1264	5	1e5	5	2	0.0	43
1265	5	1e5	1	1	0.0	43
1266	5	1e5	1	2	0.0	43
1267	10	1e5	10	1	0.0	43
1268	10	1e5	10	2	0.0	43
1269	10	1e5	5	1	0.0	43
1270	10	1e5	5	2	0.0	43
1271	10	1e5	1	1	0.0	43
1272	10	1e5	1	2	0.0	43
1273	20	1e5	10	1	0.0	43
1274	20	1e5	10	2	0.0	43
1275	20	1e5	5	1	0.0	43
1276	20	1e5	5	2	0.0	43
1277	20	1e5	1	1	0.0	43
1278	20	1e5	1	2	0.0	43
1279	Coal	1e5	10	1	0.0	43
1280	Coal	1e5	10	2	0.0	43
1281	Coal	1e5	5	1	0.0	43
1282	Coal	1e5	5	2	0.0	43
1283	Coal	1e5	1	1	0.0	43
1284	Coal	1e5	1	2	0.0	43
1285	Recap	1e5	10	1	0.0	43
1286	Recap	1e5	10	2	0.0	43
1287	Recap	1e5	5	1	0.0	43
1288	Recap	1e5	5	2	0.0	43
1289	Recap	1e5	1	1	0.0	43
1290	Recap	1e5	1	2	0.0	43
1291	5	1e5	10	1	0.0	44
1292	5	1e5	10	2	0.0	44
1293	5	1e5	5	1	0.0	44
1294	5	1e5	5	2	0.0	44
1295	5	1e5	1	1	0.0	44
1296	5	1e5	1	2	0.0	44
1297	10	1e5	10	1	0.0	44
1298	10	1e5	10	2	0.0	44
1299	10	1e5	5	1	0.0	44
1300	10	1e5	5	2	0.0	44
1301	10	1e5	1	1	0.0	44
1302	10	1e5	1	2	0.0	44
1303	20	1e5	10	1	0.0	44
1304	20	1e5	10	2	0.0	44
1305	20	1e5	5	1	0.0	44
1306	20	1e5	5	2	0.0	44
1307	20	1e5	1	1	0.0	44
1308	20	1e5	1	2	0.0	44
1309	Coal	1e5	10	1	0.0	44
1310	Coal	1e5	10	2	0.0	44
1311	Coal	1e5	5	1	0.0	44
1312	Coal	1e5	5	2	0.0	44
1313	Coal	1e5	1	1	0.0	44
1314	Coal	1e5	1	2	0.0	44
1315	Recap	1e5	10	1	0.0	44
1316	Recap	1e5	10	2	0.0	44
1317	Recap	1e5	5	1	0.0	44
1318	Recap	1e5	5	2	0.0	44
1319	Recap	1e5	1	1	0.0	44
1320	Recap	1e5	1	2	0.0	44
1321	5	1e5	10	1	0.0	45
1322	5	1e5	10	2	0.0	45
1323	5	1e5	5	1	0.0	45
1324	5	1e5	5	2	0.0	45
1325	5	1e5	1	1	0.0	45
1326	5	1e5	1	2	0.0	45
1327	10	1e5	10	1	0.0	45
1328	10	1e5	10	2	0.0	45
1329	10	1e5	5	1	0.0	45
1330	10	1e5	5	2	0.0	45
1331	10	1e5	1	1	0.0	45
1332	10	1e5	1	2	0.0	45
1333	20	1e5	10	1	0.0	45
1334	20	1e5	10	2	0.0	45
1335	20	1e5	5	1	0.0	45
1336	20	1e5	5	2	0.0	45
1337	20	1e5	1	1	0.0	45
1338	20	1e5	1	2	0.0	45
1339	Coal	1e5	10	1	0.0	45
1340	Coal	1e5	10	2	0.0	45
1341	Coal	1e5	5	1	0.0	45
1342	Coal	1e5	5	2	0.0	45
1343	Coal	1e5	1	1	0.0	45
1344	Coal	1e5	1	2	0.0	45
1345	Recap	1e5	10	1	0.0	45
1346	Recap	1e5	10	2	0.0	45
1347	Recap	1e5	5	1	0.0	45
1348	Recap	1e5	5	2	0.0	45
1349	Recap	1e5	1	1	0.0	45
1350	Recap	1e5	1	2	0.0	45
1351	5	1e5	10	1	0.0	46
1352	5	1e5	10	2	0.0	46
1353	5	1e5	5	1	0.0	46
1354	5	1e5	5	2	0.0	46
1355	5	1e5	1	1	0.0	46
1356	5	1e5	1	2	0.0	46
1357	10	1e5	10	1	0.0	46
1358	10	1e5	10	2	0.0	46
1359	10	1e5	5	1	0.0	46
1360	10	1e5	5	2	0.0	46
1361	10	1e5	1	1	0.0	46
1362	10	1e5	1	2	0.0	46
1363	20	1e5	10	1	0.0	46
1364	20	1e5	10	2	0.0	46
1365	20	1e5	5	1	0.0	46
1366	20	1e5	5	2	0.0	46
1367	20	1e5	1	1	0.0	46
1368	20	1e5	1	2	0.0	46
1369	Coal	1e5	10	1	0.0	46
1370	Coal	1e5	10	2	0.0	46
1371	Coal	1e5	5	1	0.0	46
1372	Coal	1e5	5	2	0.0	46
1373	Coal	1e5	1	1	0.0	46
1374	Coal	1e5	1	2	0.0	46
1375	Recap	1e5	10	1	0.0	46
1376	Recap	1e5	10	2	0.0	46
1377	Recap	1e5	5	1	0.0	46
1378	Recap	1e5	5	2	0.0	46
1379	Recap	1e5	1	1	0.0	46
1380	Recap	1e5	1	2	0.0	46
1381	5	1e5	10	1	0.0	47
1382	5	1e5	10	2	0.0	47
1383	5	1e5	5	1	0.0	47
1384	5	1e5	5	2	0.0	47
1385	5	1e5	1	1	0.0	47
1386	5	1e5	1	2	0.0	47
1387	10	1e5	10	1	0.0	47
1388	10	1e5	10	2	0.0	47
1389	10	1e5	5	1	0.0	47
1390	10	1e5	5	2	0.0	47
1391	10	1e5	1	1	0.0	47
1392	10	1e5	1	2	0.0	47
1393	20	1e5	10	1	0.0	47
1394	20	1e5	10	2	0.0	47
1395	20	1e5	5	1	0.0	47
1396	20	1e5	5	2	0.0	47
1397	20	1e5	1	1	0.0	47
1398	20	1e5	1	2	0.0	47
1399	Coal	1e5	10	1	0.0	47
1400	Coal	1e5	10	2	0.0	47
1401	Coal	1e5	5	1	0.0	47
1402	Coal	1e5	5	2	0.0	47
1403	Coal	1e5	1	1	0.0	47
1404	Coal	1e5	1	2	0.0	47
1405	Recap	1e5	10	1	0.0	47
1406	Recap	1e5	10	2	0.0	47
1407	Recap	1e5	5	1	0.0	47
1408	Recap	1e5	5	2	0.0	47
1409	Recap	1e5	1	1	0.0	47
1410	Recap	1e5	1	2	0.0	47
1411	5	1e5	10	1	0.0	48
1412	5	1e5	10	2	0.0	48
1413	5	1e5	5	1	0.0	48
1414	5	1e5	5	2	0.0	48
1415	5	1e5	1	1	0.0	48
1416	5	1e5	1	2	0.0	48
1417	10	1e5	10	1	0.0	48
1418	10	1e5	10	2	0.0	48
1419	10	1e5	5	1	0.0	48
1420	10	1e5	5	2	0.0	48
1421	10	1e5	1	1	0.0	48
1422	10	1e5	1	2	0.0	48
1423	20	1e5	10	1	0.0	48
1424	20	1e5	10	2	0.0	48
1425	20	1e5	5	1	0.0	48
1426	20	1e5	5	2	0.0	48
1427	20	1e5	1	1	0.0	48
1428	20	1e5	1	2	0.0	48
1429	Coal	1e5	10	1	0.0	48
1430	Coal	1e5	10	2	0.0	48
1431	Coal	1e5	5	1	0.0	48
1432	Coal	1e5	5	2	0.0	48
1433	Coal	1e5	1	1	0.0	48
1434	Coal	1e5	1	2	0.0	48
1435	Recap	1e5	10	1	0.0	48
1436	Recap	1e5	10	2	0.0	48
1437	Recap	1e5	5	1	0.0	48
1438	Recap	1e5	5	2	0.0	48
1439	Recap	1e5	1	1	0.0	48
1440	Recap	1e5	1	2	0.0	48
1441	5	1e5	10	1	0.0	49
1442	5	1e5	10	2	0.0	49
1443	5	1e5	5	1	0.0	49
1444	5	1e5	5	2	0.0	49
1445	5	1e5	1	1	0.0	49
1446	5	1e5	1	2	0.0	49
1447	10	1e5	10	1	0.0	49
1448	10	1e5	10	2	0.0	49
1449	10	1e5	5	1	0.0	49
1450	10	1e5	5	2	0.0	49
1451	10	1e5	1	1	0.0	49
1452	10	1e5	1	2	0.0	49
1453	20	1e5	10	1	0.0	49
1454	20	1e5	10	2	0.0	49
1455	20	1e5	5	1	0.0	49
1456	20	1e5	5	2	0.0	49
1457	20	1e5	1	1	0.0	49
1458	20	1e5	1	2	0.0	49
1459	Coal	1e5	10	1	0.0	49
1460	Coal	1e5	10	2	0.0	49
1461	Coal	1e5	5	1	0.0	49
1462	Coal	1e5	5	2	0.0	49
1463	Coal	1e5	1	1	0.0	49
1464	Coal	1e5	1	2	0.0	49
1465	Recap	1e5	10	1	0.0	49
1466	Recap	1e5	10	2	0.0	49
1467	Recap	1e5	5	1	0.0	49
1468	Recap	1e5	5	2	0.0	49
1469	Recap	1e5	1	1	0.0	49
1470	Recap	1e5	1	2	0.0	49
1471	5	1e5	10	1	0.0	50
1472	5	1e5	10	2	0.0	50
1473	5	1e5	5	1	0.0	50
1474	5	1e5	5	2	0.0	50
1475	5	1e5	1	1	0.0	50
1476	5	1e5	1	2	0.0	50
1477	10	1e5	10	1	0.0	50
1478	10	1e5	10	2	0.0	50
1479	10	1e5	5	1	0.0	50
1480	10	1e5	5	2	0.0	50
1481	10	1e5	1	1	0.0	50
1482	10	1e5	1	2	0.0	50
1483	20	1e5	10	1	0.0	50
1484	20	1e5	10	2	0.0	50
1485	20	1e5	5	1	0.0	50
1486	20	1e5	5	2	0.0	50
1487	20	1e5	1	1	0.0	50
1488	20	1e5	1	2	0.0	50
1489	Coal	1e5	10	1	0.0	50
1490	Coal	1e5	10	2	0.0	50
1491	Coal	1e5	5	1	0.0	50
1492	Coal	1e5	5	2	0.0	50
1493	Coal	1e5	1	1	0.0	50
1494	Coal	1e5	1	2	0.0	50
1495	Recap	1e5	10	1	0.0	50
1496	Recap	1e5	10	2	0.0	50
1497	Recap	1e5	5	1	0.0	50
1498	Recap	1e5	5	2	0.0	50
1499	Recap	1e5	1	1	0.0	50
1500	Recap	1e5	1	2	0.0	50
1501	5	1e5	10	1	0.5	1
1502	5	1e5	10	2	0.5	1
1503	5	1e5	5	1	0.5	1
1504	5	1e5	5	2	0.5	1
1505	5	1e5	1	1	0.5	1
1506	5	1e5	1	2	0.5	1
1507	10	1e5	10	1	0.5	1
1508	10	1e5	10	2	0.5	1
1509	10	1e5	5	1	0.5	1
1510	10	1e5	5	2	0.5	1
1511	10	1e5	1	1	0.5	1
1512	10	1e5	1	2	0.5	1
1513	20	1e5	10	1	0.5	1
1514	20	1e5	10	2	0.5	1
1515	20	1e5	5	1	0.5	1
1516	20	1e5	5	2	0.5	1
1517	20	1e5	1	1	0.5	1
1518	20	1e5	1	2	0.5	1
1519	Coal	1e5	10	1	0.5	1
1520	Coal	1e5	10	2	0.5	1
1521	Coal	1e5	5	1	0.5	1
1522	Coal	1e5	5	2	0.5	1
1523	Coal	1e5	1	1	0.5	1
1524	Coal	1e5	1	2	0.5	1
1525	Recap	1e5	10	1	0.5	1
1526	Recap	1e5	10	2	0.5	1
1527	Recap	1e5	5	1	0.5	1
1528	Recap	1e5	5	2	0.5	1
1529	Recap	1e5	1	1	0.5	1
1530	Recap	1e5	1	2	0.5	1
1531	5	1e5	10	1	0.5	2
1532	5	1e5	10	2	0.5	2
1533	5	1e5	5	1	0.5	2
1534	5	1e5	5	2	0.5	2
1535	5	1e5	1	1	0.5	2
1536	5	1e5	1	2	0.5	2
1537	10	1e5	10	1	0.5	2
1538	10	1e5	10	2	0.5	2
1539	10	1e5	5	1	0.5	2
1540	10	1e5	5	2	0.5	2
1541	10	1e5	1	1	0.5	2
1542	10	1e5	1	2	0.5	2
1543	20	1e5	10	1	0.5	2
1544	20	1e5	10	2	0.5	2
1545	20	1e5	5	1	0.5	2
1546	20	1e5	5	2	0.5	2
1547	20	1e5	1	1	0.5	2
1548	20	1e5	1	2	0.5	2
1549	Coal	1e5	10	1	0.5	2
1550	Coal	1e5	10	2	0.5	2
1551	Coal	1e5	5	1	0.5	2
1552	Coal	1e5	5	2	0.5	2
1553	Coal	1e5	1	1	0.5	2
1554	Coal	1e5	1	2	0.5	2
1555	Recap	1e5	10	1	0.5	2
1556	Recap	1e5	10	2	0.5	2
1557	Recap	1e5	5	1	0.5	2
1558	Recap	1e5	5	2	0.5	2
1559	Recap	1e5	1	1	0.5	2
1560	Recap	1e5	1	2	0.5	2
1561	5	1e5	10	1	0.5	3
1562	5	1e5	10	2	0.5	3
1563	5	1e5	5	1	0.5	3
1564	5	1e5	5	2	0.5	3
1565	5	1e5	1	1	0.5	3
1566	5	1e5	1	2	0.5	3
1567	10	1e5	10	1	0.5	3
1568	10	1e5	10	2	0.5	3
1569	10	1e5	5	1	0.5	3
1570	10	1e5	5	2	0.5	3
1571	10	1e5	1	1	0.5	3
1572	10	1e5	1	2	0.5	3
1573	20	1e5	10	1	0.5	3
1574	20	1e5	10	2	0.5	3
1575	20	1e5	5	1	0.5	3
1576	20	1e5	5	2	0.5	3
1577	20	1e5	1	1	0.5	3
1578	20	1e5	1	2	0.5	3
1579	Coal	1e5	10	1	0.5	3
1580	Coal	1e5	10	2	0.5	3
1581	Coal	1e5	5	1	0.5	3
1582	Coal	1e5	5	2	0.5	3
1583	Coal	1e5	1	1	0.5	3
1584	Coal	1e5	1	2	0.5	3
1585	Recap	1e5	10	1	0.5	3
1586	Recap	1e5	10	2	0.5	3
1587	Recap	1e5	5	1	0.5	3
1588	Recap	1e5	5	2	0.5	3
1589	Recap	1e5	1	1	0.5	3
1590	Recap	1e5	1	2	0.5	3
1591	5	1e5	10	1	0.5	4
1592	5	1e5	10	2	0.5	4
1593	5	1e5	5	1	0.5	4
1594	5	1e5	5	2	0.5	4
1595	5	1e5	1	1	0.5	4
1596	5	1e5	1	2	0.5	4
1597	10	1e5	10	1	0.5	4
1598	10	1e5	10	2	0.5	4
1599	10	1e5	5	1	0.5	4
1600	10	1e5	5	2	0.5	4
1601	10	1e5	1	1	0.5	4
1602	10	1e5	1	2	0.5	4
1603	20	1e5	10	1	0.5	4
1604	20	1e5	10	2	0.5	4
1605	20	1e5	5	1	0.5	4
1606	20	1e5	5	2	0.5	4
1607	20	1e5	1	1	0.5	4
1608	20	1e5	1	2	0.5	4
1609	Coal	1e5	10	1	0.5	4
1610	Coal	1e5	10	2	0.5	4
1611	Coal	1e5	5	1	0.5	4
1612	Coal	1e5	5	2	0.5	4
1613	Coal	1e5	1	1	0.5	4
1614	Coal	1e5	1	2	0.5	4
1615	Recap	1e5	10	1	0.5	4
1616	Recap	1e5	10	2	0.5	4
1617	Recap	1e5	5	1	0.5	4
1618	Recap	1e5	5	2	0.5	4
1619	Recap	1e5	1	1	0.5	4
1620	Recap	1e5	1	2	0.5	4
1621	5	1e5	10	1	0.5	5
1622	5	1e5	10	2	0.5	5
1623	5	1e5	5	1	0.5	5
1624	5	1e5	5	2	0.5	5
1625	5	1e5	1	1	0.5	5
1626	5	1e5	1	2	0.5	5
1627	10	1e5	10	1	0.5	5
1628	10	1e5	10	2	0.5	5
1629	10	1e5	5	1	0.5	5
1630	10	1e5	5	2	0.5	5
1631	10	1e5	1	1	0.5	5
1632	10	1e5	1	2	0.5	5
1633	20	1e5	10	1	0.5	5
1634	20	1e5	10	2	0.5	5
1635	20	1e5	5	1	0.5	5
1636	20	1e5	5	2	0.5	5
1637	20	1e5	1	1	0.5	5
1638	20	1e5	1	2	0.5	5
1639	Coal	1e5	10	1	0.5	5
1640	Coal	1e5	10	2	0.5	5
1641	Coal	1e5	5	1	0.5	5
1642	Coal	1e5	5	2	0.5	5
1643	Coal	1e5	1	1	0.5	5
1644	Coal	1e5	1	2	0.5	5
1645	Recap	1e5	10	1	0.5	5
1646	Recap	1e5	10	2	0.5	5
1647	Recap	1e5	5	1	0.5	5
1648	Recap	1e5	5	2	0.5	5
1649	Recap	1e5	1	1	0.5	5
1650	Recap	1e5	1	2	0.5	5
1651	5	1e5	10	1	0.5	6
1652	5	1e5	10	2	0.5	6
1653	5	1e5	5	1	0.5	6
1654	5	1e5	5	2	0.5	6
1655	5	1e5	1	1	0.5	6
1656	5	1e5	1	2	0.5	6
1657	10	1e5	10	1	0.5	6
1658	10	1e5	10	2	0.5	6
1659	10	1e5	5	1	0.5	6
1660	10	1e5	5	2	0.5	6
1661	10	1e5	1	1	0.5	6
1662	10	1e5	1	2	0.5	6
1663	20	1e5	10	1	0.5	6
1664	20	1e5	10	2	0.5	6
1665	20	1e5	5	1	0.5	6
1666	20	1e5	5	2	0.5	6
1667	20	1e5	1	1	0.5	6
1668	20	1e5	1	2	0.5	6
1669	Coal	1e5	10	1	0.5	6
1670	Coal	1e5	10	2	0.5	6
1671	Coal	1e5	5	1	0.5	6
1672	Coal	1e5	5	2	0.5	6
1673	Coal	1e5	1	1	0.5	6
1674	Coal	1e5	1	2	0.5	6
1675	Recap	1e5	10	1	0.5	6
1676	Recap	1e5	10	2	0.5	6
1677	Recap	1e5	5	1	0.5	6
1678	Recap	1e5	5	2	0.5	6
1679	Recap	1e5	1	1	0.5	6
1680	Recap	1e5	1	2	0.5	6
1681	5	1e5	10	1	0.5	7
1682	5	1e5	10	2	0.5	7
1683	5	1e5	5	1	0.5	7
1684	5	1e5	5	2	0.5	7
1685	5	1e5	1	1	0.5	7
1686	5	1e5	1	2	0.5	7
1687	10	1e5	10	1	0.5	7
1688	10	1e5	10	2	0.5	7
1689	10	1e5	5	1	0.5	7
1690	10	1e5	5	2	0.5	7
1691	10	1e5	1	1	0.5	7
1692	10	1e5	1	2	0.5	7
1693	20	1e5	10	1	0.5	7
1694	20	1e5	10	2	0.5	7
1695	20	1e5	5	1	0.5	7
1696	20	1e5	5	2	0.5	7
1697	20	1e5	1	1	0.5	7
1698	20	1e5	1	2	0.5	7
1699	Coal	1e5	10	1	0.5	7
1700	Coal	1e5	10	2	0.5	7
1701	Coal	1e5	5	1	0.5	7
1702	Coal	1e5	5	2	0.5	7
1703	Coal	1e5	1	1	0.5	7
1704	Coal	1e5	1	2	0.5	7
1705	Recap	1e5	10	1	0.5	7
1706	Recap	1e5	10	2	0.5	7
1707	Recap	1e5	5	1	0.5	7
1708	Recap	1e5	5	2	0.5	7
1709	Recap	1e5	1	1	0.5	7
1710	Recap	1e5	1	2	0.5	7
1711	5	1e5	10	1	0.5	8
1712	5	1e5	10	2	0.5	8
1713	5	1e5	5	1	0.5	8
1714	5	1e5	5	2	0.5	8
1715	5	1e5	1	1	0.5	8
1716	5	1e5	1	2	0.5	8
1717	10	1e5	10	1	0.5	8
1718	10	1e5	10	2	0.5	8
1719	10	1e5	5	1	0.5	8
1720	10	1e5	5	2	0.5	8
1721	10	1e5	1	1	0.5	8
1722	10	1e5	1	2	0.5	8
1723	20	1e5	10	1	0.5	8
1724	20	1e5	10	2	0.5	8
1725	20	1e5	5	1	0.5	8
1726	20	1e5	5	2	0.5	8
1727	20	1e5	1	1	0.5	8
1728	20	1e5	1	2	0.5	8
1729	Coal	1e5	10	1	0.5	8
1730	Coal	1e5	10	2	0.5	8
1731	Coal	1e5	5	1	0.5	8
1732	Coal	1e5	5	2	0.5	8
1733	Coal	1e5	1	1	0.5	8
1734	Coal	1e5	1	2	0.5	8
1735	Recap	1e5	10	1	0.5	8
1736	Recap	1e5	10	2	0.5	8
1737	Recap	1e5	5	1	0.5	8
1738	Recap	1e5	5	2	0.5	8
1739	Recap	1e5	1	1	0.5	8
1740	Recap	1e5	1	2	0.5	8
1741	5	1e5	10	1	0.5	9
1742	5	1e5	10	2	0.5	9
1743	5	1e5	5	1	0.5	9
1744	5	1e5	5	2	0.5	9
1745	5	1e5	1	1	0.5	9
1746	5	1e5	1	2	0.5	9
1747	10	1e5	10	1	0.5	9
1748	10	1e5	10	2	0.5	9
1749	10	1e5	5	1	0.5	9
1750	10	1e5	5	2	0.5	9
1751	10	1e5	1	1	0.5	9
1752	10	1e5	1	2	0.5	9
1753	20	1e5	10	1	0.5	9
1754	20	1e5	10	2	0.5	9
1755	20	1e5	5	1	0.5	9
1756	20	1e5	5	2	0.5	9
1757	20	1e5	1	1	0.5	9
1758	20	1e5	1	2	0.5	9
1759	Coal	1e5	10	1	0.5	9
1760	Coal	1e5	10	2	0.5	9
1761	Coal	1e5	5	1	0.5	9
1762	Coal	1e5	5	2	0.5	9
1763	Coal	1e5	1	1	0.5	9
1764	Coal	1e5	1	2	0.5	9
1765	Recap	1e5	10	1	0.5	9
1766	Recap	1e5	10	2	0.5	9
1767	Recap	1e5	5	1	0.5	9
1768	Recap	1e5	5	2	0.5	9
1769	Recap	1e5	1	1	0.5	9
1770	Recap	1e5	1	2	0.5	9
1771	5	1e5	10	1	0.5	10
1772	5	1e5	10	2	0.5	10
1773	5	1e5	5	1	0.5	10
1774	5	1e5	5	2	0.5	10
1775	5	1e5	1	1	0.5	10
1776	5	1e5	1	2	0.5	10
1777	10	1e5	10	1	0.5	10
1778	10	1e5	10	2	0.5	10
1779	10	1e5	5	1	0.5	10
1780	10	1e5	5	2	0.5	10
1781	10	1e5	1	1	0.5	10
1782	10	1e5	1	2	0.5	10
1783	20	1e5	10	1	0.5	10
1784	20	1e5	10	2	0.5	10
1785	20	1e5	5	1	0.5	10
1786	20	1e5	5	2	0.5	10
1787	20	1e5	1	1	0.5	10
1788	20	1e5	1	2	0.5	10
1789	Coal	1e5	10	1	0.5	10
1790	Coal	1e5	10	2	0.5	10
1791	Coal	1e5	5	1	0.5	10
1792	Coal	1e5	5	2	0.5	10
1793	Coal	1e5	1	1	0.5	10
1794	Coal	1e5	1	2	0.5	10
1795	Recap	1e5	10	1	0.5	10
1796	Recap	1e5	10	2	0.5	10
1797	Recap	1e5	5	1	0.5	10
1798	Recap	1e5	5	2	0.5	10
1799	Recap	1e5	1	1	0.5	10
1800	Recap	1e5	1	2	0.5	10
1801	5	1e5	10	1	0.5	11
1802	5	1e5	10	2	0.5	11
1803	5	1e5	5	1	0.5	11
1804	5	1e5	5	2	0.5	11
1805	5	1e5	1	1	0.5	11
1806	5	1e5	1	2	0.5	11
1807	10	1e5	10	1	0.5	11
1808	10	1e5	10	2	0.5	11
1809	10	1e5	5	1	0.5	11
1810	10	1e5	5	2	0.5	11
1811	10	1e5	1	1	0.5	11
1812	10	1e5	1	2	0.5	11
1813	20	1e5	10	1	0.5	11
1814	20	1e5	10	2	0.5	11
1815	20	1e5	5	1	0.5	11
1816	20	1e5	5	2	0.5	11
1817	20	1e5	1	1	0.5	11
1818	20	1e5	1	2	0.5	11
1819	Coal	1e5	10	1	0.5	11
1820	Coal	1e5	10	2	0.5	11
1821	Coal	1e5	5	1	0.5	11
1822	Coal	1e5	5	2	0.5	11
1823	Coal	1e5	1	1	0.5	11
1824	Coal	1e5	1	2	0.5	11
1825	Recap	1e5	10	1	0.5	11
1826	Recap	1e5	10	2	0.5	11
1827	Recap	1e5	5	1	0.5	11
1828	Recap	1e5	5	2	0.5	11
1829	Recap	1e5	1	1	0.5	11
1830	Recap	1e5	1	2	0.5	11
1831	5	1e5	10	1	0.5	12
1832	5	1e5	10	2	0.5	12
1833	5	1e5	5	1	0.5	12
1834	5	1e5	5	2	0.5	12
1835	5	1e5	1	1	0.5	12
1836	5	1e5	1	2	0.5	12
1837	10	1e5	10	1	0.5	12
1838	10	1e5	10	2	0.5	12
1839	10	1e5	5	1	0.5	12
1840	10	1e5	5	2	0.5	12
1841	10	1e5	1	1	0.5	12
1842	10	1e5	1	2	0.5	12
1843	20	1e5	10	1	0.5	12
1844	20	1e5	10	2	0.5	12
1845	20	1e5	5	1	0.5	12
1846	20	1e5	5	2	0.5	12
1847	20	1e5	1	1	0.5	12
1848	20	1e5	1	2	0.5	12
1849	Coal	1e5	10	1	0.5	12
1850	Coal	1e5	10	2	0.5	12
1851	Coal	1e5	5	1	0.5	12
1852	Coal	1e5	5	2	0.5	12
1853	Coal	1e5	1	1	0.5	12
1854	Coal	1e5	1	2	0.5	12
1855	Recap	1e5	10	1	0.5	12
1856	Recap	1e5	10	2	0.5	12
1857	Recap	1e5	5	1	0.5	12
1858	Recap	1e5	5	2	0.5	12
1859	Recap	1e5	1	1	0.5	12
1860	Recap	1e5	1	2	0.5	12
1861	5	1e5	10	1	0.5	13
1862	5	1e5	10	2	0.5	13
1863	5	1e5	5	1	0.5	13
1864	5	1e5	5	2	0.5	13
1865	5	1e5	1	1	0.5	13
1866	5	1e5	1	2	0.5	13
1867	10	1e5	10	1	0.5	13
1868	10	1e5	10	2	0.5	13
1869	10	1e5	5	1	0.5	13
1870	10	1e5	5	2	0.5	13
1871	10	1e5	1	1	0.5	13
1872	10	1e5	1	2	0.5	13
1873	20	1e5	10	1	0.5	13
1874	20	1e5	10	2	0.5	13
1875	20	1e5	5	1	0.5	13
1876	20	1e5	5	2	0.5	13
1877	20	1e5	1	1	0.5	13
1878	20	1e5	1	2	0.5	13
1879	Coal	1e5	10	1	0.5	13
1880	Coal	1e5	10	2	0.5	13
1881	Coal	1e5	5	1	0.5	13
1882	Coal	1e5	5	2	0.5	13
1883	Coal	1e5	1	1	0.5	13
1884	Coal	1e5	1	2	0.5	13
1885	Recap	1e5	10	1	0.5	13
1886	Recap	1e5	10	2	0.5	13
1887	Recap	1e5	5	1	0.5	13
1888	Recap	1e5	5	2	0.5	13
1889	Recap	1e5	1	1	0.5	13
1890	Recap	1e5	1	2	0.5	13
1891	5	1e5	10	1	0.5	14
1892	5	1e5	10	2	0.5	14
1893	5	1e5	5	1	0.5	14
1894	5	1e5	5	2	0.5	14
1895	5	1e5	1	1	0.5	14
1896	5	1e5	1	2	0.5	14
1897	10	1e5	10	1	0.5	14
1898	10	1e5	10	2	0.5	14
1899	10	1e5	5	1	0.5	14
1900	10	1e5	5	2	0.5	14
1901	10	1e5	1	1	0.5	14
1902	10	1e5	1	2	0.5	14
1903	20	1e5	10	1	0.5	14
1904	20	1e5	10	2	0.5	14
1905	20	1e5	5	1	0.5	14
1906	20	1e5	5	2	0.5	14
1907	20	1e5	1	1	0.5	14
1908	20	1e5	1	2	0.5	14
1909	Coal	1e5	10	1	0.5	14
1910	Coal	1e5	10	2	0.5	14
1911	Coal	1e5	5	1	0.5	14
1912	Coal	1e5	5	2	0.5	14
1913	Coal	1e5	1	1	0.5	14
1914	Coal	1e5	1	2	0.5	14
1915	Recap	1e5	10	1	0.5	14
1916	Recap	1e5	10	2	0.5	14
1917	Recap	1e5	5	1	0.5	14
1918	Recap	1e5	5	2	0.5	14
1919	Recap	1e5	1	1	0.5	14
1920	Recap	1e5	1	2	0.5	14
1921	5	1e5	10	1	0.5	15
1922	5	1e5	10	2	0.5	15
1923	5	1e5	5	1	0.5	15
1924	5	1e5	5	2	0.5	15
1925	5	1e5	1	1	0.5	15
1926	5	1e5	1	2	0.5	15
1927	10	1e5	10	1	0.5	15
1928	10	1e5	10	2	0.5	15
1929	10	1e5	5	1	0.5	15
1930	10	1e5	5	2	0.5	15
1931	10	1e5	1	1	0.5	15
1932	10	1e5	1	2	0.5	15
1933	20	1e5	10	1	0.5	15
1934	20	1e5	10	2	0.5	15
1935	20	1e5	5	1	0.5	15
1936	20	1e5	5	2	0.5	15
1937	20	1e5	1	1	0.5	15
1938	20	1e5	1	2	0.5	15
1939	Coal	1e5	10	1	0.5	15
1940	Coal	1e5	10	2	0.5	15
1941	Coal	1e5	5	1	0.5	15
1942	Coal	1e5	5	2	0.5	15
1943	Coal	1e5	1	1	0.5	15
1944	Coal	1e5	1	2	0.5	15
1945	Recap	1e5	10	1	0.5	15
1946	Recap	1e5	10	2	0.5	15
1947	Recap	1e5	5	1	0.5	15
1948	Recap	1e5	5	2	0.5	15
1949	Recap	1e5	1	1	0.5	15
1950	Recap	1e5	1	2	0.5	15
1951	5	1e5	10	1	0.5	16
1952	5	1e5	10	2	0.5	16
1953	5	1e5	5	1	0.5	16
1954	5	1e5	5	2	0.5	16
1955	5	1e5	1	1	0.5	16
1956	5	1e5	1	2	0.5	16
1957	10	1e5	10	1	0.5	16
1958	10	1e5	10	2	0.5	16
1959	10	1e5	5	1	0.5	16
1960	10	1e5	5	2	0.5	16
1961	10	1e5	1	1	0.5	16
1962	10	1e5	1	2	0.5	16
1963	20	1e5	10	1	0.5	16
1964	20	1e5	10	2	0.5	16
1965	20	1e5	5	1	0.5	16
1966	20	1e5	5	2	0.5	16
1967	20	1e5	1	1	0.5	16
1968	20	1e5	1	2	0.5	16
1969	Coal	1e5	10	1	0.5	16
1970	Coal	1e5	10	2	0.5	16
1971	Coal	1e5	5	1	0.5	16
1972	Coal	1e5	5	2	0.5	16
1973	Coal	1e5	1	1	0.5	16
1974	Coal	1e5	1	2	0.5	16
1975	Recap	1e5	10	1	0.5	16
1976	Recap	1e5	10	2	0.5	16
1977	Recap	1e5	5	1	0.5	16
1978	Recap	1e5	5	2	0.5	16
1979	Recap	1e5	1	1	0.5	16
1980	Recap	1e5	1	2	0.5	16
1981	5	1e5	10	1	0.5	17
1982	5	1e5	10	2	0.5	17
1983	5	1e5	5	1	0.5	17
1984	5	1e5	5	2	0.5	17
1985	5	1e5	1	1	0.5	17
1986	5	1e5	1	2	0.5	17
1987	10	1e5	10	1	0.5	17
1988	10	1e5	10	2	0.5	17
1989	10	1e5	5	1	0.5	17
1990	10	1e5	5	2	0.5	17
1991	10	1e5	1	1	0.5	17
1992	10	1e5	1	2	0.5	17
1993	20	1e5	10	1	0.5	17
1994	20	1e5	10	2	0.5	17
1995	20	1e5	5	1	0.5	17
1996	20	1e5	5	2	0.5	17
1997	20	1e5	1	1	0.5	17
1998	20	1e5	1	2	0.5	17
1999	Coal	1e5	10	1	0.5	17
2000	Coal	1e5	10	2	0.5	17
2001	Coal	1e5	5	1	0.5	17
2002	Coal	1e5	5	2	0.5	17
2003	Coal	1e5	1	1	0.5	17
2004	Coal	1e5	1	2	0.5	17
2005	Recap	1e5	10	1	0.5	17
2006	Recap	1e5	10	2	0.5	17
2007	Recap	1e5	5	1	0.5	17
2008	Recap	1e5	5	2	0.5	17
2009	Recap	1e5	1	1	0.5	17
2010	Recap	1e5	1	2	0.5	17
2011	5	1e5	10	1	0.5	18
2012	5	1e5	10	2	0.5	18
2013	5	1e5	5	1	0.5	18
2014	5	1e5	5	2	0.5	18
2015	5	1e5	1	1	0.5	18
2016	5	1e5	1	2	0.5	18
2017	10	1e5	10	1	0.5	18
2018	10	1e5	10	2	0.5	18
2019	10	1e5	5	1	0.5	18
2020	10	1e5	5	2	0.5	18
2021	10	1e5	1	1	0.5	18
2022	10	1e5	1	2	0.5	18
2023	20	1e5	10	1	0.5	18
2024	20	1e5	10	2	0.5	18
2025	20	1e5	5	1	0.5	18
2026	20	1e5	5	2	0.5	18
2027	20	1e5	1	1	0.5	18
2028	20	1e5	1	2	0.5	18
2029	Coal	1e5	10	1	0.5	18
2030	Coal	1e5	10	2	0.5	18
2031	Coal	1e5	5	1	0.5	18
2032	Coal	1e5	5	2	0.5	18
2033	Coal	1e5	1	1	0.5	18
2034	Coal	1e5	1	2	0.5	18
2035	Recap	1e5	10	1	0.5	18
2036	Recap	1e5	10	2	0.5	18
2037	Recap	1e5	5	1	0.5	18
2038	Recap	1e5	5	2	0.5	18
2039	Recap	1e5	1	1	0.5	18
2040	Recap	1e5	1	2	0.5	18
2041	5	1e5	10	1	0.5	19
2042	5	1e5	10	2	0.5	19
2043	5	1e5	5	1	0.5	19
2044	5	1e5	5	2	0.5	19
2045	5	1e5	1	1	0.5	19
2046	5	1e5	1	2	0.5	19
2047	10	1e5	10	1	0.5	19
2048	10	1e5	10	2	0.5	19
2049	10	1e5	5	1	0.5	19
2050	10	1e5	5	2	0.5	19
2051	10	1e5	1	1	0.5	19
2052	10	1e5	1	2	0.5	19
2053	20	1e5	10	1	0.5	19
2054	20	1e5	10	2	0.5	19
2055	20	1e5	5	1	0.5	19
2056	20	1e5	5	2	0.5	19
2057	20	1e5	1	1	0.5	19
2058	20	1e5	1	2	0.5	19
2059	Coal	1e5	10	1	0.5	19
2060	Coal	1e5	10	2	0.5	19
2061	Coal	1e5	5	1	0.5	19
2062	Coal	1e5	5	2	0.5	19
2063	Coal	1e5	1	1	0.5	19
2064	Coal	1e5	1	2	0.5	19
2065	Recap	1e5	10	1	0.5	19
2066	Recap	1e5	10	2	0.5	19
2067	Recap	1e5	5	1	0.5	19
2068	Recap	1e5	5	2	0.5	19
2069	Recap	1e5	1	1	0.5	19
2070	Recap	1e5	1	2	0.5	19
2071	5	1e5	10	1	0.5	20
2072	5	1e5	10	2	0.5	20
2073	5	1e5	5	1	0.5	20
2074	5	1e5	5	2	0.5	20
2075	5	1e5	1	1	0.5	20
2076	5	1e5	1	2	0.5	20
2077	10	1e5	10	1	0.5	20
2078	10	1e5	10	2	0.5	20
2079	10	1e5	5	1	0.5	20
2080	10	1e5	5	2	0.5	20
2081	10	1e5	1	1	0.5	20
2082	10	1e5	1	2	0.5	20
2083	20	1e5	10	1	0.5	20
2084	20	1e5	10	2	0.5	20
2085	20	1e5	5	1	0.5	20
2086	20	1e5	5	2	0.5	20
2087	20	1e5	1	1	0.5	20
2088	20	1e5	1	2	0.5	20
2089	Coal	1e5	10	1	0.5	20
2090	Coal	1e5	10	2	0.5	20
2091	Coal	1e5	5	1	0.5	20
2092	Coal	1e5	5	2	0.5	20
2093	Coal	1e5	1	1	0.5	20
2094	Coal	1e5	1	2	0.5	20
2095	Recap	1e5	10	1	0.5	20
2096	Recap	1e5	10	2	0.5	20
2097	Recap	1e5	5	1	0.5	20
2098	Recap	1e5	5	2	0.5	20
2099	Recap	1e5	1	1	0.5	20
2100	Recap	1e5	1	2	0.5	20
2101	5	1e5	10	1	0.5	21
2102	5	1e5	10	2	0.5	21
2103	5	1e5	5	1	0.5	21
2104	5	1e5	5	2	0.5	21
2105	5	1e5	1	1	0.5	21
2106	5	1e5	1	2	0.5	21
2107	10	1e5	10	1	0.5	21
2108	10	1e5	10	2	0.5	21
2109	10	1e5	5	1	0.5	21
2110	10	1e5	5	2	0.5	21
2111	10	1e5	1	1	0.5	21
2112	10	1e5	1	2	0.5	21
2113	20	1e5	10	1	0.5	21
2114	20	1e5	10	2	0.5	21
2115	20	1e5	5	1	0.5	21
2116	20	1e5	5	2	0.5	21
2117	20	1e5	1	1	0.5	21
2118	20	1e5	1	2	0.5	21
2119	Coal	1e5	10	1	0.5	21
2120	Coal	1e5	10	2	0.5	21
2121	Coal	1e5	5	1	0.5	21
2122	Coal	1e5	5	2	0.5	21
2123	Coal	1e5	1	1	0.5	21
2124	Coal	1e5	1	2	0.5	21
2125	Recap	1e5	10	1	0.5	21
2126	Recap	1e5	10	2	0.5	21
2127	Recap	1e5	5	1	0.5	21
2128	Recap	1e5	5	2	0.5	21
2129	Recap	1e5	1	1	0.5	21
2130	Recap	1e5	1	2	0.5	21
2131	5	1e5	10	1	0.5	22
2132	5	1e5	10	2	0.5	22
2133	5	1e5	5	1	0.5	22
2134	5	1e5	5	2	0.5	22
2135	5	1e5	1	1	0.5	22
2136	5	1e5	1	2	0.5	22
2137	10	1e5	10	1	0.5	22
2138	10	1e5	10	2	0.5	22
2139	10	1e5	5	1	0.5	22
2140	10	1e5	5	2	0.5	22
2141	10	1e5	1	1	0.5	22
2142	10	1e5	1	2	0.5	22
2143	20	1e5	10	1	0.5	22
2144	20	1e5	10	2	0.5	22
2145	20	1e5	5	1	0.5	22
2146	20	1e5	5	2	0.5	22
2147	20	1e5	1	1	0.5	22
2148	20	1e5	1	2	0.5	22
2149	Coal	1e5	10	1	0.5	22
2150	Coal	1e5	10	2	0.5	22
2151	Coal	1e5	5	1	0.5	22
2152	Coal	1e5	5	2	0.5	22
2153	Coal	1e5	1	1	0.5	22
2154	Coal	1e5	1	2	0.5	22
2155	Recap	1e5	10	1	0.5	22
2156	Recap	1e5	10	2	0.5	22
2157	Recap	1e5	5	1	0.5	22
2158	Recap	1e5	5	2	0.5	22
2159	Recap	1e5	1	1	0.5	22
2160	Recap	1e5	1	2	0.5	22
2161	5	1e5	10	1	0.5	23
2162	5	1e5	10	2	0.5	23
2163	5	1e5	5	1	0.5	23
2164	5	1e5	5	2	0.5	23
2165	5	1e5	1	1	0.5	23
2166	5	1e5	1	2	0.5	23
2167	10	1e5	10	1	0.5	23
2168	10	1e5	10	2	0.5	23
2169	10	1e5	5	1	0.5	23
2170	10	1e5	5	2	0.5	23
2171	10	1e5	1	1	0.5	23
2172	10	1e5	1	2	0.5	23
2173	20	1e5	10	1	0.5	23
2174	20	1e5	10	2	0.5	23
2175	20	1e5	5	1	0.5	23
2176	20	1e5	5	2	0.5	23
2177	20	1e5	1	1	0.5	23
2178	20	1e5	1	2	0.5	23
2179	Coal	1e5	10	1	0.5	23
2180	Coal	1e5	10	2	0.5	23
2181	Coal	1e5	5	1	0.5	23
2182	Coal	1e5	5	2	0.5	23
2183	Coal	1e5	1	1	0.5	23
2184	Coal	1e5	1	2	0.5	23
2185	Recap	1e5	10	1	0.5	23
2186	Recap	1e5	10	2	0.5	23
2187	Recap	1e5	5	1	0.5	23
2188	Recap	1e5	5	2	0.5	23
2189	Recap	1e5	1	1	0.5	23
2190	Recap	1e5	1	2	0.5	23
2191	5	1e5	10	1	0.5	24
2192	5	1e5	10	2	0.5	24
2193	5	1e5	5	1	0.5	24
2194	5	1e5	5	2	0.5	24
2195	5	1e5	1	1	0.5	24
2196	5	1e5	1	2	0.5	24
2197	10	1e5	10	1	0.5	24
2198	10	1e5	10	2	0.5	24
2199	10	1e5	5	1	0.5	24
2200	10	1e5	5	2	0.5	24
2201	10	1e5	1	1	0.5	24
2202	10	1e5	1	2	0.5	24
2203	20	1e5	10	1	0.5	24
2204	20	1e5	10	2	0.5	24
2205	20	1e5	5	1	0.5	24
2206	20	1e5	5	2	0.5	24
2207	20	1e5	1	1	0.5	24
2208	20	1e5	1	2	0.5	24
2209	Coal	1e5	10	1	0.5	24
2210	Coal	1e5	10	2	0.5	24
2211	Coal	1e5	5	1	0.5	24
2212	Coal	1e5	5	2	0.5	24
2213	Coal	1e5	1	1	0.5	24
2214	Coal	1e5	1	2	0.5	24
2215	Recap	1e5	10	1	0.5	24
2216	Recap	1e5	10	2	0.5	24
2217	Recap	1e5	5	1	0.5	24
2218	Recap	1e5	5	2	0.5	24
2219	Recap	1e5	1	1	0.5	24
2220	Recap	1e5	1	2	0.5	24
2221	5	1e5	10	1	0.5	25
2222	5	1e5	10	2	0.5	25
2223	5	1e5	5	1	0.5	25
2224	5	1e5	5	2	0.5	25
2225	5	1e5	1	1	0.5	25
2226	5	1e5	1	2	0.5	25
2227	10	1e5	10	1	0.5	25
2228	10	1e5	10	2	0.5	25
2229	10	1e5	5	1	0.5	25
2230	10	1e5	5	2	0.5	25
2231	10	1e5	1	1	0.5	25
2232	10	1e5	1	2	0.5	25
2233	20	1e5	10	1	0.5	25
2234	20	1e5	10	2	0.5	25
2235	20	1e5	5	1	0.5	25
2236	20	1e5	5	2	0.5	25
2237	20	1e5	1	1	0.5	25
2238	20	1e5	1	2	0.5	25
2239	Coal	1e5	10	1	0.5	25
2240	Coal	1e5	10	2	0.5	25
2241	Coal	1e5	5	1	0.5	25
2242	Coal	1e5	5	2	0.5	25
2243	Coal	1e5	1	1	0.5	25
2244	Coal	1e5	1	2	0.5	25
2245	Recap	1e5	10	1	0.5	25
2246	Recap	1e5	10	2	0.5	25
2247	Recap	1e5	5	1	0.5	25
2248	Recap	1e5	5	2	0.5	25
2249	Recap	1e5	1	1	0.5	25
2250	Recap	1e5	1	2	0.5	25
2251	5	1e5	10	1	0.5	26
2252	5	1e5	10	2	0.5	26
2253	5	1e5	5	1	0.5	26
2254	5	1e5	5	2	0.5	26
2255	5	1e5	1	1	0.5	26
2256	5	1e5	1	2	0.5	26
2257	10	1e5	10	1	0.5	26
2258	10	1e5	10	2	0.5	26
2259	10	1e5	5	1	0.5	26
2260	10	1e5	5	2	0.5	26
2261	10	1e5	1	1	0.5	26
2262	10	1e5	1	2	0.5	26
2263	20	1e5	10	1	0.5	26
2264	20	1e5	10	2	0.5	26
2265	20	1e5	5	1	0.5	26
2266	20	1e5	5	2	0.5	26
2267	20	1e5	1	1	0.5	26
2268	20	1e5	1	2	0.5	26
2269	Coal	1e5	10	1	0.5	26
2270	Coal	1e5	10	2	0.5	26
2271	Coal	1e5	5	1	0.5	26
2272	Coal	1e5	5	2	0.5	26
2273	Coal	1e5	1	1	0.5	26
2274	Coal	1e5	1	2	0.5	26
2275	Recap	1e5	10	1	0.5	26
2276	Recap	1e5	10	2	0.5	26
2277	Recap	1e5	5	1	0.5	26
2278	Recap	1e5	5	2	0.5	26
2279	Recap	1e5	1	1	0.5	26
2280	Recap	1e5	1	2	0.5	26
2281	5	1e5	10	1	0.5	27
2282	5	1e5	10	2	0.5	27
2283	5	1e5	5	1	0.5	27
2284	5	1e5	5	2	0.5	27
2285	5	1e5	1	1	0.5	27
2286	5	1e5	1	2	0.5	27
2287	10	1e5	10	1	0.5	27
2288	10	1e5	10	2	0.5	27
2289	10	1e5	5	1	0.5	27
2290	10	1e5	5	2	0.5	27
2291	10	1e5	1	1	0.5	27
2292	10	1e5	1	2	0.5	27
2293	20	1e5	10	1	0.5	27
2294	20	1e5	10	2	0.5	27
2295	20	1e5	5	1	0.5	27
2296	20	1e5	5	2	0.5	27
2297	20	1e5	1	1	0.5	27
2298	20	1e5	1	2	0.5	27
2299	Coal	1e5	10	1	0.5	27
2300	Coal	1e5	10	2	0.5	27
2301	Coal	1e5	5	1	0.5	27
2302	Coal	1e5	5	2	0.5	27
2303	Coal	1e5	1	1	0.5	27
2304	Coal	1e5	1	2	0.5	27
2305	Recap	1e5	10	1	0.5	27
2306	Recap	1e5	10	2	0.5	27
2307	Recap	1e5	5	1	0.5	27
2308	Recap	1e5	5	2	0.5	27
2309	Recap	1e5	1	1	0.5	27
2310	Recap	1e5	1	2	0.5	27
2311	5	1e5	10	1	0.5	28
2312	5	1e5	10	2	0.5	28
2313	5	1e5	5	1	0.5	28
2314	5	1e5	5	2	0.5	28
2315	5	1e5	1	1	0.5	28
2316	5	1e5	1	2	0.5	28
2317	10	1e5	10	1	0.5	28
2318	10	1e5	10	2	0.5	28
2319	10	1e5	5	1	0.5	28
2320	10	1e5	5	2	0.5	28
2321	10	1e5	1	1	0.5	28
2322	10	1e5	1	2	0.5	28
2323	20	1e5	10	1	0.5	28
2324	20	1e5	10	2	0.5	28
2325	20	1e5	5	1	0.5	28
2326	20	1e5	5	2	0.5	28
2327	20	1e5	1	1	0.5	28
2328	20	1e5	1	2	0.5	28
2329	Coal	1e5	10	1	0.5	28
2330	Coal	1e5	10	2	0.5	28
2331	Coal	1e5	5	1	0.5	28
2332	Coal	1e5	5	2	0.5	28
2333	Coal	1e5	1	1	0.5	28
2334	Coal	1e5	1	2	0.5	28
2335	Recap	1e5	10	1	0.5	28
2336	Recap	1e5	10	2	0.5	28
2337	Recap	1e5	5	1	0.5	28
2338	Recap	1e5	5	2	0.5	28
2339	Recap	1e5	1	1	0.5	28
2340	Recap	1e5	1	2	0.5	28
2341	5	1e5	10	1	0.5	29
2342	5	1e5	10	2	0.5	29
2343	5	1e5	5	1	0.5	29
2344	5	1e5	5	2	0.5	29
2345	5	1e5	1	1	0.5	29
2346	5	1e5	1	2	0.5	29
2347	10	1e5	10	1	0.5	29
2348	10	1e5	10	2	0.5	29
2349	10	1e5	5	1	0.5	29
2350	10	1e5	5	2	0.5	29
2351	10	1e5	1	1	0.5	29
2352	10	1e5	1	2	0.5	29
2353	20	1e5	10	1	0.5	29
2354	20	1e5	10	2	0.5	29
2355	20	1e5	5	1	0.5	29
2356	20	1e5	5	2	0.5	29
2357	20	1e5	1	1	0.5	29
2358	20	1e5	1	2	0.5	29
2359	Coal	1e5	10	1	0.5	29
2360	Coal	1e5	10	2	0.5	29
2361	Coal	1e5	5	1	0.5	29
2362	Coal	1e5	5	2	0.5	29
2363	Coal	1e5	1	1	0.5	29
2364	Coal	1e5	1	2	0.5	29
2365	Recap	1e5	10	1	0.5	29
2366	Recap	1e5	10	2	0.5	29
2367	Recap	1e5	5	1	0.5	29
2368	Recap	1e5	5	2	0.5	29
2369	Recap	1e5	1	1	0.5	29
2370	Recap	1e5	1	2	0.5	29
2371	5	1e5	10	1	0.5	30
2372	5	1e5	10	2	0.5	30
2373	5	1e5	5	1	0.5	30
2374	5	1e5	5	2	0.5	30
2375	5	1e5	1	1	0.5	30
2376	5	1e5	1	2	0.5	30
2377	10	1e5	10	1	0.5	30
2378	10	1e5	10	2	0.5	30
2379	10	1e5	5	1	0.5	30
2380	10	1e5	5	2	0.5	30
2381	10	1e5	1	1	0.5	30
2382	10	1e5	1	2	0.5	30
2383	20	1e5	10	1	0.5	30
2384	20	1e5	10	2	0.5	30
2385	20	1e5	5	1	0.5	30
2386	20	1e5	5	2	0.5	30
2387	20	1e5	1	1	0.5	30
2388	20	1e5	1	2	0.5	30
2389	Coal	1e5	10	1	0.5	30
2390	Coal	1e5	10	2	0.5	30
2391	Coal	1e5	5	1	0.5	30
2392	Coal	1e5	5	2	0.5	30
2393	Coal	1e5	1	1	0.5	30
2394	Coal	1e5	1	2	0.5	30
2395	Recap	1e5	10	1	0.5	30
2396	Recap	1e5	10	2	0.5	30
2397	Recap	1e5	5	1	0.5	30
2398	Recap	1e5	5	2	0.5	30
2399	Recap	1e5	1	1	0.5	30
2400	Recap	1e5	1	2	0.5	30
2401	5	1e5	10	1	0.5	31
2402	5	1e5	10	2	0.5	31
2403	5	1e5	5	1	0.5	31
2404	5	1e5	5	2	0.5	31
2405	5	1e5	1	1	0.5	31
2406	5	1e5	1	2	0.5	31
2407	10	1e5	10	1	0.5	31
2408	10	1e5	10	2	0.5	31
2409	10	1e5	5	1	0.5	31
2410	10	1e5	5	2	0.5	31
2411	10	1e5	1	1	0.5	31
2412	10	1e5	1	2	0.5	31
2413	20	1e5	10	1	0.5	31
2414	20	1e5	10	2	0.5	31
2415	20	1e5	5	1	0.5	31
2416	20	1e5	5	2	0.5	31
2417	20	1e5	1	1	0.5	31
2418	20	1e5	1	2	0.5	31
2419	Coal	1e5	10	1	0.5	31
2420	Coal	1e5	10	2	0.5	31
2421	Coal	1e5	5	1	0.5	31
2422	Coal	1e5	5	2	0.5	31
2423	Coal	1e5	1	1	0.5	31
2424	Coal	1e5	1	2	0.5	31
2425	Recap	1e5	10	1	0.5	31
2426	Recap	1e5	10	2	0.5	31
2427	Recap	1e5	5	1	0.5	31
2428	Recap	1e5	5	2	0.5	31
2429	Recap	1e5	1	1	0.5	31
2430	Recap	1e5	1	2	0.5	31
2431	5	1e5	10	1	0.5	32
2432	5	1e5	10	2	0.5	32
2433	5	1e5	5	1	0.5	32
2434	5	1e5	5	2	0.5	32
2435	5	1e5	1	1	0.5	32
2436	5	1e5	1	2	0.5	32
2437	10	1e5	10	1	0.5	32
2438	10	1e5	10	2	0.5	32
2439	10	1e5	5	1	0.5	32
2440	10	1e5	5	2	0.5	32
2441	10	1e5	1	1	0.5	32
2442	10	1e5	1	2	0.5	32
2443	20	1e5	10	1	0.5	32
2444	20	1e5	10	2	0.5	32
2445	20	1e5	5	1	0.5	32
2446	20	1e5	5	2	0.5	32
2447	20	1e5	1	1	0.5	32
2448	20	1e5	1	2	0.5	32
2449	Coal	1e5	10	1	0.5	32
2450	Coal	1e5	10	2	0.5	32
2451	Coal	1e5	5	1	0.5	32
2452	Coal	1e5	5	2	0.5	32
2453	Coal	1e5	1	1	0.5	32
2454	Coal	1e5	1	2	0.5	32
2455	Recap	1e5	10	1	0.5	32
2456	Recap	1e5	10	2	0.5	32
2457	Recap	1e5	5	1	0.5	32
2458	Recap	1e5	5	2	0.5	32
2459	Recap	1e5	1	1	0.5	32
2460	Recap	1e5	1	2	0.5	32
2461	5	1e5	10	1	0.5	33
2462	5	1e5	10	2	0.5	33
2463	5	1e5	5	1	0.5	33
2464	5	1e5	5	2	0.5	33
2465	5	1e5	1	1	0.5	33
2466	5	1e5	1	2	0.5	33
2467	10	1e5	10	1	0.5	33
2468	10	1e5	10	2	0.5	33
2469	10	1e5	5	1	0.5	33
2470	10	1e5	5	2	0.5	33
2471	10	1e5	1	1	0.5	33
2472	10	1e5	1	2	0.5	33
2473	20	1e5	10	1	0.5	33
2474	20	1e5	10	2	0.5	33
2475	20	1e5	5	1	0.5	33
2476	20	1e5	5	2	0.5	33
2477	20	1e5	1	1	0.5	33
2478	20	1e5	1	2	0.5	33
2479	Coal	1e5	10	1	0.5	33
2480	Coal	1e5	10	2	0.5	33
2481	Coal	1e5	5	1	0.5	33
2482	Coal	1e5	5	2	0.5	33
2483	Coal	1e5	1	1	0.5	33
2484	Coal	1e5	1	2	0.5	33
2485	Recap	1e5	10	1	0.5	33
2486	Recap	1e5	10	2	0.5	33
2487	Recap	1e5	5	1	0.5	33
2488	Recap	1e5	5	2	0.5	33
2489	Recap	1e5	1	1	0.5	33
2490	Recap	1e5	1	2	0.5	33
2491	5	1e5	10	1	0.5	34
2492	5	1e5	10	2	0.5	34
2493	5	1e5	5	1	0.5	34
2494	5	1e5	5	2	0.5	34
2495	5	1e5	1	1	0.5	34
2496	5	1e5	1	2	0.5	34
2497	10	1e5	10	1	0.5	34
2498	10	1e5	10	2	0.5	34
2499	10	1e5	5	1	0.5	34
2500	10	1e5	5	2	0.5	34
2501	10	1e5	1	1	0.5	34
2502	10	1e5	1	2	0.5	34
2503	20	1e5	10	1	0.5	34
2504	20	1e5	10	2	0.5	34
2505	20	1e5	5	1	0.5	34
2506	20	1e5	5	2	0.5	34
2507	20	1e5	1	1	0.5	34
2508	20	1e5	1	2	0.5	34
2509	Coal	1e5	10	1	0.5	34
2510	Coal	1e5	10	2	0.5	34
2511	Coal	1e5	5	1	0.5	34
2512	Coal	1e5	5	2	0.5	34
2513	Coal	1e5	1	1	0.5	34
2514	Coal	1e5	1	2	0.5	34
2515	Recap	1e5	10	1	0.5	34
2516	Recap	1e5	10	2	0.5	34
2517	Recap	1e5	5	1	0.5	34
2518	Recap	1e5	5	2	0.5	34
2519	Recap	1e5	1	1	0.5	34
2520	Recap	1e5	1	2	0.5	34
2521	5	1e5	10	1	0.5	35
2522	5	1e5	10	2	0.5	35
2523	5	1e5	5	1	0.5	35
2524	5	1e5	5	2	0.5	35
2525	5	1e5	1	1	0.5	35
2526	5	1e5	1	2	0.5	35
2527	10	1e5	10	1	0.5	35
2528	10	1e5	10	2	0.5	35
2529	10	1e5	5	1	0.5	35
2530	10	1e5	5	2	0.5	35
2531	10	1e5	1	1	0.5	35
2532	10	1e5	1	2	0.5	35
2533	20	1e5	10	1	0.5	35
2534	20	1e5	10	2	0.5	35
2535	20	1e5	5	1	0.5	35
2536	20	1e5	5	2	0.5	35
2537	20	1e5	1	1	0.5	35
2538	20	1e5	1	2	0.5	35
2539	Coal	1e5	10	1	0.5	35
2540	Coal	1e5	10	2	0.5	35
2541	Coal	1e5	5	1	0.5	35
2542	Coal	1e5	5	2	0.5	35
2543	Coal	1e5	1	1	0.5	35
2544	Coal	1e5	1	2	0.5	35
2545	Recap	1e5	10	1	0.5	35
2546	Recap	1e5	10	2	0.5	35
2547	Recap	1e5	5	1	0.5	35
2548	Recap	1e5	5	2	0.5	35
2549	Recap	1e5	1	1	0.5	35
2550	Recap	1e5	1	2	0.5	35
2551	5	1e5	10	1	0.5	36
2552	5	1e5	10	2	0.5	36
2553	5	1e5	5	1	0.5	36
2554	5	1e5	5	2	0.5	36
2555	5	1e5	1	1	0.5	36
2556	5	1e5	1	2	0.5	36
2557	10	1e5	10	1	0.5	36
2558	10	1e5	10	2	0.5	36
2559	10	1e5	5	1	0.5	36
2560	10	1e5	5	2	0.5	36
2561	10	1e5	1	1	0.5	36
2562	10	1e5	1	2	0.5	36
2563	20	1e5	10	1	0.5	36
2564	20	1e5	10	2	0.5	36
2565	20	1e5	5	1	0.5	36
2566	20	1e5	5	2	0.5	36
2567	20	1e5	1	1	0.5	36
2568	20	1e5	1	2	0.5	36
2569	Coal	1e5	10	1	0.5	36
2570	Coal	1e5	10	2	0.5	36
2571	Coal	1e5	5	1	0.5	36
2572	Coal	1e5	5	2	0.5	36
2573	Coal	1e5	1	1	0.5	36
2574	Coal	1e5	1	2	0.5	36
2575	Recap	1e5	10	1	0.5	36
2576	Recap	1e5	10	2	0.5	36
2577	Recap	1e5	5	1	0.5	36
2578	Recap	1e5	5	2	0.5	36
2579	Recap	1e5	1	1	0.5	36
2580	Recap	1e5	1	2	0.5	36
2581	5	1e5	10	1	0.5	37
2582	5	1e5	10	2	0.5	37
2583	5	1e5	5	1	0.5	37
2584	5	1e5	5	2	0.5	37
2585	5	1e5	1	1	0.5	37
2586	5	1e5	1	2	0.5	37
2587	10	1e5	10	1	0.5	37
2588	10	1e5	10	2	0.5	37
2589	10	1e5	5	1	0.5	37
2590	10	1e5	5	2	0.5	37
2591	10	1e5	1	1	0.5	37
2592	10	1e5	1	2	0.5	37
2593	20	1e5	10	1	0.5	37
2594	20	1e5	10	2	0.5	37
2595	20	1e5	5	1	0.5	37
2596	20	1e5	5	2	0.5	37
2597	20	1e5	1	1	0.5	37
2598	20	1e5	1	2	0.5	37
2599	Coal	1e5	10	1	0.5	37
2600	Coal	1e5	10	2	0.5	37
2601	Coal	1e5	5	1	0.5	37
2602	Coal	1e5	5	2	0.5	37
2603	Coal	1e5	1	1	0.5	37
2604	Coal	1e5	1	2	0.5	37
2605	Recap	1e5	10	1	0.5	37
2606	Recap	1e5	10	2	0.5	37
2607	Recap	1e5	5	1	0.5	37
2608	Recap	1e5	5	2	0.5	37
2609	Recap	1e5	1	1	0.5	37
2610	Recap	1e5	1	2	0.5	37
2611	5	1e5	10	1	0.5	38
2612	5	1e5	10	2	0.5	38
2613	5	1e5	5	1	0.5	38
2614	5	1e5	5	2	0.5	38
2615	5	1e5	1	1	0.5	38
2616	5	1e5	1	2	0.5	38
2617	10	1e5	10	1	0.5	38
2618	10	1e5	10	2	0.5	38
2619	10	1e5	5	1	0.5	38
2620	10	1e5	5	2	0.5	38
2621	10	1e5	1	1	0.5	38
2622	10	1e5	1	2	0.5	38
2623	20	1e5	10	1	0.5	38
2624	20	1e5	10	2	0.5	38
2625	20	1e5	5	1	0.5	38
2626	20	1e5	5	2	0.5	38
2627	20	1e5	1	1	0.5	38
2628	20	1e5	1	2	0.5	38
2629	Coal	1e5	10	1	0.5	38
2630	Coal	1e5	10	2	0.5	38
2631	Coal	1e5	5	1	0.5	38
2632	Coal	1e5	5	2	0.5	38
2633	Coal	1e5	1	1	0.5	38
2634	Coal	1e5	1	2	0.5	38
2635	Recap	1e5	10	1	0.5	38
2636	Recap	1e5	10	2	0.5	38
2637	Recap	1e5	5	1	0.5	38
2638	Recap	1e5	5	2	0.5	38
2639	Recap	1e5	1	1	0.5	38
2640	Recap	1e5	1	2	0.5	38
2641	5	1e5	10	1	0.5	39
2642	5	1e5	10	2	0.5	39
2643	5	1e5	5	1	0.5	39
2644	5	1e5	5	2	0.5	39
2645	5	1e5	1	1	0.5	39
2646	5	1e5	1	2	0.5	39
2647	10	1e5	10	1	0.5	39
2648	10	1e5	10	2	0.5	39
2649	10	1e5	5	1	0.5	39
2650	10	1e5	5	2	0.5	39
2651	10	1e5	1	1	0.5	39
2652	10	1e5	1	2	0.5	39
2653	20	1e5	10	1	0.5	39
2654	20	1e5	10	2	0.5	39
2655	20	1e5	5	1	0.5	39
2656	20	1e5	5	2	0.5	39
2657	20	1e5	1	1	0.5	39
2658	20	1e5	1	2	0.5	39
2659	Coal	1e5	10	1	0.5	39
2660	Coal	1e5	10	2	0.5	39
2661	Coal	1e5	5	1	0.5	39
2662	Coal	1e5	5	2	0.5	39
2663	Coal	1e5	1	1	0.5	39
2664	Coal	1e5	1	2	0.5	39
2665	Recap	1e5	10	1	0.5	39
2666	Recap	1e5	10	2	0.5	39
2667	Recap	1e5	5	1	0.5	39
2668	Recap	1e5	5	2	0.5	39
2669	Recap	1e5	1	1	0.5	39
2670	Recap	1e5	1	2	0.5	39
2671	5	1e5	10	1	0.5	40
2672	5	1e5	10	2	0.5	40
2673	5	1e5	5	1	0.5	40
2674	5	1e5	5	2	0.5	40
2675	5	1e5	1	1	0.5	40
2676	5	1e5	1	2	0.5	40
2677	10	1e5	10	1	0.5	40
2678	10	1e5	10	2	0.5	40
2679	10	1e5	5	1	0.5	40
2680	10	1e5	5	2	0.5	40
2681	10	1e5	1	1	0.5	40
2682	10	1e5	1	2	0.5	40
2683	20	1e5	10	1	0.5	40
2684	20	1e5	10	2	0.5	40
2685	20	1e5	5	1	0.5	40
2686	20	1e5	5	2	0.5	40
2687	20	1e5	1	1	0.5	40
2688	20	1e5	1	2	0.5	40
2689	Coal	1e5	10	1	0.5	40
2690	Coal	1e5	10	2	0.5	40
2691	Coal	1e5	5	1	0.5	40
2692	Coal	1e5	5	2	0.5	40
2693	Coal	1e5	1	1	0.5	40
2694	Coal	1e5	1	2	0.5	40
2695	Recap	1e5	10	1	0.5	40
2696	Recap	1e5	10	2	0.5	40
2697	Recap	1e5	5	1	0.5	40
2698	Recap	1e5	5	2	0.5	40
2699	Recap	1e5	1	1	0.5	40
2700	Recap	1e5	1	2	0.5	40
2701	5	1e5	10	1	0.5	41
2702	5	1e5	10	2	0.5	41
2703	5	1e5	5	1	0.5	41
2704	5	1e5	5	2	0.5	41
2705	5	1e5	1	1	0.5	41
2706	5	1e5	1	2	0.5	41
2707	10	1e5	10	1	0.5	41
2708	10	1e5	10	2	0.5	41
2709	10	1e5	5	1	0.5	41
2710	10	1e5	5	2	0.5	41
2711	10	1e5	1	1	0.5	41
2712	10	1e5	1	2	0.5	41
2713	20	1e5	10	1	0.5	41
2714	20	1e5	10	2	0.5	41
2715	20	1e5	5	1	0.5	41
2716	20	1e5	5	2	0.5	41
2717	20	1e5	1	1	0.5	41
2718	20	1e5	1	2	0.5	41
2719	Coal	1e5	10	1	0.5	41
2720	Coal	1e5	10	2	0.5	41
2721	Coal	1e5	5	1	0.5	41
2722	Coal	1e5	5	2	0.5	41
2723	Coal	1e5	1	1	0.5	41
2724	Coal	1e5	1	2	0.5	41
2725	Recap	1e5	10	1	0.5	41
2726	Recap	1e5	10	2	0.5	41
2727	Recap	1e5	5	1	0.5	41
2728	Recap	1e5	5	2	0.5	41
2729	Recap	1e5	1	1	0.5	41
2730	Recap	1e5	1	2	0.5	41
2731	5	1e5	10	1	0.5	42
2732	5	1e5	10	2	0.5	42
2733	5	1e5	5	1	0.5	42
2734	5	1e5	5	2	0.5	42
2735	5	1e5	1	1	0.5	42
2736	5	1e5	1	2	0.5	42
2737	10	1e5	10	1	0.5	42
2738	10	1e5	10	2	0.5	42
2739	10	1e5	5	1	0.5	42
2740	10	1e5	5	2	0.5	42
2741	10	1e5	1	1	0.5	42
2742	10	1e5	1	2	0.5	42
2743	20	1e5	10	1	0.5	42
2744	20	1e5	10	2	0.5	42
2745	20	1e5	5	1	0.5	42
2746	20	1e5	5	2	0.5	42
2747	20	1e5	1	1	0.5	42
2748	20	1e5	1	2	0.5	42
2749	Coal	1e5	10	1	0.5	42
2750	Coal	1e5	10	2	0.5	42
2751	Coal	1e5	5	1	0.5	42
2752	Coal	1e5	5	2	0.5	42
2753	Coal	1e5	1	1	0.5	42
2754	Coal	1e5	1	2	0.5	42
2755	Recap	1e5	10	1	0.5	42
2756	Recap	1e5	10	2	0.5	42
2757	Recap	1e5	5	1	0.5	42
2758	Recap	1e5	5	2	0.5	42
2759	Recap	1e5	1	1	0.5	42
2760	Recap	1e5	1	2	0.5	42
2761	5	1e5	10	1	0.5	43
2762	5	1e5	10	2	0.5	43
2763	5	1e5	5	1	0.5	43
2764	5	1e5	5	2	0.5	43
2765	5	1e5	1	1	0.5	43
2766	5	1e5	1	2	0.5	43
2767	10	1e5	10	1	0.5	43
2768	10	1e5	10	2	0.5	43
2769	10	1e5	5	1	0.5	43
2770	10	1e5	5	2	0.5	43
2771	10	1e5	1	1	0.5	43
2772	10	1e5	1	2	0.5	43
2773	20	1e5	10	1	0.5	43
2774	20	1e5	10	2	0.5	43
2775	20	1e5	5	1	0.5	43
2776	20	1e5	5	2	0.5	43
2777	20	1e5	1	1	0.5	43
2778	20	1e5	1	2	0.5	43
2779	Coal	1e5	10	1	0.5	43
2780	Coal	1e5	10	2	0.5	43
2781	Coal	1e5	5	1	0.5	43
2782	Coal	1e5	5	2	0.5	43
2783	Coal	1e5	1	1	0.5	43
2784	Coal	1e5	1	2	0.5	43
2785	Recap	1e5	10	1	0.5	43
2786	Recap	1e5	10	2	0.5	43
2787	Recap	1e5	5	1	0.5	43
2788	Recap	1e5	5	2	0.5	43
2789	Recap	1e5	1	1	0.5	43
2790	Recap	1e5	1	2	0.5	43
2791	5	1e5	10	1	0.5	44
2792	5	1e5	10	2	0.5	44
2793	5	1e5	5	1	0.5	44
2794	5	1e5	5	2	0.5	44
2795	5	1e5	1	1	0.5	44
2796	5	1e5	1	2	0.5	44
2797	10	1e5	10	1	0.5	44
2798	10	1e5	10	2	0.5	44
2799	10	1e5	5	1	0.5	44
2800	10	1e5	5	2	0.5	44
2801	10	1e5	1	1	0.5	44
2802	10	1e5	1	2	0.5	44
2803	20	1e5	10	1	0.5	44
2804	20	1e5	10	2	0.5	44
2805	20	1e5	5	1	0.5	44
2806	20	1e5	5	2	0.5	44
2807	20	1e5	1	1	0.5	44
2808	20	1e5	1	2	0.5	44
2809	Coal	1e5	10	1	0.5	44
2810	Coal	1e5	10	2	0.5	44
2811	Coal	1e5	5	1	0.5	44
2812	Coal	1e5	5	2	0.5	44
2813	Coal	1e5	1	1	0.5	44
2814	Coal	1e5	1	2	0.5	44
2815	Recap	1e5	10	1	0.5	44
2816	Recap	1e5	10	2	0.5	44
2817	Recap	1e5	5	1	0.5	44
2818	Recap	1e5	5	2	0.5	44
2819	Recap	1e5	1	1	0.5	44
2820	Recap	1e5	1	2	0.5	44
2821	5	1e5	10	1	0.5	45
2822	5	1e5	10	2	0.5	45
2823	5	1e5	5	1	0.5	45
2824	5	1e5	5	2	0.5	45
2825	5	1e5	1	1	0.5	45
2826	5	1e5	1	2	0.5	45
2827	10	1e5	10	1	0.5	45
2828	10	1e5	10	2	0.5	45
2829	10	1e5	5	1	0.5	45
2830	10	1e5	5	2	0.5	45
2831	10	1e5	1	1	0.5	45
2832	10	1e5	1	2	0.5	45
2833	20	1e5	10	1	0.5	45
2834	20	1e5	10	2	0.5	45
2835	20	1e5	5	1	0.5	45
2836	20	1e5	5	2	0.5	45
2837	20	1e5	1	1	0.5	45
2838	20	1e5	1	2	0.5	45
2839	Coal	1e5	10	1	0.5	45
2840	Coal	1e5	10	2	0.5	45
2841	Coal	1e5	5	1	0.5	45
2842	Coal	1e5	5	2	0.5	45
2843	Coal	1e5	1	1	0.5	45
2844	Coal	1e5	1	2	0.5	45
2845	Recap	1e5	10	1	0.5	45
2846	Recap	1e5	10	2	0.5	45
2847	Recap	1e5	5	1	0.5	45
2848	Recap	1e5	5	2	0.5	45
2849	Recap	1e5	1	1	0.5	45
2850	Recap	1e5	1	2	0.5	45
2851	5	1e5	10	1	0.5	46
2852	5	1e5	10	2	0.5	46
2853	5	1e5	5	1	0.5	46
2854	5	1e5	5	2	0.5	46
2855	5	1e5	1	1	0.5	46
2856	5	1e5	1	2	0.5	46
2857	10	1e5	10	1	0.5	46
2858	10	1e5	10	2	0.5	46
2859	10	1e5	5	1	0.5	46
2860	10	1e5	5	2	0.5	46
2861	10	1e5	1	1	0.5	46
2862	10	1e5	1	2	0.5	46
2863	20	1e5	10	1	0.5	46
2864	20	1e5	10	2	0.5	46
2865	20	1e5	5	1	0.5	46
2866	20	1e5	5	2	0.5	46
2867	20	1e5	1	1	0.5	46
2868	20	1e5	1	2	0.5	46
2869	Coal	1e5	10	1	0.5	46
2870	Coal	1e5	10	2	0.5	46
2871	Coal	1e5	5	1	0.5	46
2872	Coal	1e5	5	2	0.5	46
2873	Coal	1e5	1	1	0.5	46
2874	Coal	1e5	1	2	0.5	46
2875	Recap	1e5	10	1	0.5	46
2876	Recap	1e5	10	2	0.5	46
2877	Recap	1e5	5	1	0.5	46
2878	Recap	1e5	5	2	0.5	46
2879	Recap	1e5	1	1	0.5	46
2880	Recap	1e5	1	2	0.5	46
2881	5	1e5	10	1	0.5	47
2882	5	1e5	10	2	0.5	47
2883	5	1e5	5	1	0.5	47
2884	5	1e5	5	2	0.5	47
2885	5	1e5	1	1	0.5	47
2886	5	1e5	1	2	0.5	47
2887	10	1e5	10	1	0.5	47
2888	10	1e5	10	2	0.5	47
2889	10	1e5	5	1	0.5	47
2890	10	1e5	5	2	0.5	47
2891	10	1e5	1	1	0.5	47
2892	10	1e5	1	2	0.5	47
2893	20	1e5	10	1	0.5	47
2894	20	1e5	10	2	0.5	47
2895	20	1e5	5	1	0.5	47
2896	20	1e5	5	2	0.5	47
2897	20	1e5	1	1	0.5	47
2898	20	1e5	1	2	0.5	47
2899	Coal	1e5	10	1	0.5	47
2900	Coal	1e5	10	2	0.5	47
2901	Coal	1e5	5	1	0.5	47
2902	Coal	1e5	5	2	0.5	47
2903	Coal	1e5	1	1	0.5	47
2904	Coal	1e5	1	2	0.5	47
2905	Recap	1e5	10	1	0.5	47
2906	Recap	1e5	10	2	0.5	47
2907	Recap	1e5	5	1	0.5	47
2908	Recap	1e5	5	2	0.5	47
2909	Recap	1e5	1	1	0.5	47
2910	Recap	1e5	1	2	0.5	47
2911	5	1e5	10	1	0.5	48
2912	5	1e5	10	2	0.5	48
2913	5	1e5	5	1	0.5	48
2914	5	1e5	5	2	0.5	48
2915	5	1e5	1	1	0.5	48
2916	5	1e5	1	2	0.5	48
2917	10	1e5	10	1	0.5	48
2918	10	1e5	10	2	0.5	48
2919	10	1e5	5	1	0.5	48
2920	10	1e5	5	2	0.5	48
2921	10	1e5	1	1	0.5	48
2922	10	1e5	1	2	0.5	48
2923	20	1e5	10	1	0.5	48
2924	20	1e5	10	2	0.5	48
2925	20	1e5	5	1	0.5	48
2926	20	1e5	5	2	0.5	48
2927	20	1e5	1	1	0.5	48
2928	20	1e5	1	2	0.5	48
2929	Coal	1e5	10	1	0.5	48
2930	Coal	1e5	10	2	0.5	48
2931	Coal	1e5	5	1	0.5	48
2932	Coal	1e5	5	2	0.5	48
2933	Coal	1e5	1	1	0.5	48
2934	Coal	1e5	1	2	0.5	48
2935	Recap	1e5	10	1	0.5	48
2936	Recap	1e5	10	2	0.5	48
2937	Recap	1e5	5	1	0.5	48
2938	Recap	1e5	5	2	0.5	48
2939	Recap	1e5	1	1	0.5	48
2940	Recap	1e5	1	2	0.5	48
2941	5	1e5	10	1	0.5	49
2942	5	1e5	10	2	0.5	49
2943	5	1e5	5	1	0.5	49
2944	5	1e5	5	2	0.5	49
2945	5	1e5	1	1	0.5	49
2946	5	1e5	1	2	0.5	49
2947	10	1e5	10	1	0.5	49
2948	10	1e5	10	2	0.5	49
2949	10	1e5	5	1	0.5	49
2950	10	1e5	5	2	0.5	49
2951	10	1e5	1	1	0.5	49
2952	10	1e5	1	2	0.5	49
2953	20	1e5	10	1	0.5	49
2954	20	1e5	10	2	0.5	49
2955	20	1e5	5	1	0.5	49
2956	20	1e5	5	2	0.5	49
2957	20	1e5	1	1	0.5	49
2958	20	1e5	1	2	0.5	49
2959	Coal	1e5	10	1	0.5	49
2960	Coal	1e5	10	2	0.5	49
2961	Coal	1e5	5	1	0.5	49
2962	Coal	1e5	5	2	0.5	49
2963	Coal	1e5	1	1	0.5	49
2964	Coal	1e5	1	2	0.5	49
2965	Recap	1e5	10	1	0.5	49
2966	Recap	1e5	10	2	0.5	49
2967	Recap	1e5	5	1	0.5	49
2968	Recap	1e5	5	2	0.5	49
2969	Recap	1e5	1	1	0.5	49
2970	Recap	1e5	1	2	0.5	49
2971	5	1e5	10	1	0.5	50
2972	5	1e5	10	2	0.5	50
2973	5	1e5	5	1	0.5	50
2974	5	1e5	5	2	0.5	50
2975	5	1e5	1	1	0.5	50
2976	5	1e5	1	2	0.5	50
2977	10	1e5	10	1	0.5	50
2978	10	1e5	10	2	0.5	50
2979	10	1e5	5	1	0.5	50
2980	10	1e5	5	2	0.5	50
2981	10	1e5	1	1	0.5	50
2982	10	1e5	1	2	0.5	50
2983	20	1e5	10	1	0.5	50
2984	20	1e5	10	2	0.5	50
2985	20	1e5	5	1	0.5	50
2986	20	1e5	5	2	0.5	50
2987	20	1e5	1	1	0.5	50
2988	20	1e5	1	2	0.5	50
2989	Coal	1e5	10	1	0.5	50
2990	Coal	1e5	10	2	0.5	50
2991	Coal	1e5	5	1	0.5	50
2992	Coal	1e5	5	2	0.5	50
2993	Coal	1e5	1	1	0.5	50
2994	Coal	1e5	1	2	0.5	50
2995	Recap	1e5	10	1	0.5	50
2996	Recap	1e5	10	2	0.5	50
2997	Recap	1e5	5	1	0.5	50
2998	Recap	1e5	5	2	0.5	50
2999	Recap	1e5	1	1	0.5	50
3000	Recap	1e5	1	2	0.5	50
3001	5	1e6	10	1	0.0	1
3002	5	1e6	10	2	0.0	1
3003	5	1e6	5	1	0.0	1
3004	5	1e6	5	2	0.0	1
3005	5	1e6	1	1	0.0	1
3006	5	1e6	1	2	0.0	1
3007	5	1e7	10	1	0.0	1
3008	5	1e7	10	2	0.0	1
3009	5	1e7	5	1	0.0	1
3010	5	1e7	5	2	0.0	1
3011	5	1e7	1	1	0.0	1
3012	5	1e7	1	2	0.0	1
3013	10	1e6	10	1	0.0	1
3014	10	1e6	10	2	0.0	1
3015	10	1e6	5	1	0.0	1
3016	10	1e6	5	2	0.0	1
3017	10	1e6	1	1	0.0	1
3018	10	1e6	1	2	0.0	1
3019	10	1e7	10	1	0.0	1
3020	10	1e7	10	2	0.0	1
3021	10	1e7	5	1	0.0	1
3022	10	1e7	5	2	0.0	1
3023	10	1e7	1	1	0.0	1
3024	10	1e7	1	2	0.0	1
3025	20	1e6	10	1	0.0	1
3026	20	1e6	10	2	0.0	1
3027	20	1e6	5	1	0.0	1
3028	20	1e6	5	2	0.0	1
3029	20	1e6	1	1	0.0	1
3030	20	1e6	1	2	0.0	1
3031	20	1e7	10	1	0.0	1
3032	20	1e7	10	2	0.0	1
3033	20	1e7	5	1	0.0	1
3034	20	1e7	5	2	0.0	1
3035	20	1e7	1	1	0.0	1
3036	20	1e7	1	2	0.0	1
3037	Coal	1e6	10	1	0.0	1
3038	Coal	1e6	10	2	0.0	1
3039	Coal	1e6	5	1	0.0	1
3040	Coal	1e6	5	2	0.0	1
3041	Coal	1e6	1	1	0.0	1
3042	Coal	1e6	1	2	0.0	1
3043	Coal	1e7	10	1	0.0	1
3044	Coal	1e7	10	2	0.0	1
3045	Coal	1e7	5	1	0.0	1
3046	Coal	1e7	5	2	0.0	1
3047	Coal	1e7	1	1	0.0	1
3048	Coal	1e7	1	2	0.0	1
3049	Recap	1e6	10	1	0.0	1
3050	Recap	1e6	10	2	0.0	1
3051	Recap	1e6	5	1	0.0	1
3052	Recap	1e6	5	2	0.0	1
3053	Recap	1e6	1	1	0.0	1
3054	Recap	1e6	1	2	0.0	1
3055	Recap	1e7	10	1	0.0	1
3056	Recap	1e7	10	2	0.0	1
3057	Recap	1e7	5	1	0.0	1
3058	Recap	1e7	5	2	0.0	1
3059	Recap	1e7	1	1	0.0	1
3060	Recap	1e7	1	2	0.0	1
3061	5	1e6	10	1	0.0	2
3062	5	1e6	10	2	0.0	2
3063	5	1e6	5	1	0.0	2
3064	5	1e6	5	2	0.0	2
3065	5	1e6	1	1	0.0	2
3066	5	1e6	1	2	0.0	2
3067	5	1e7	10	1	0.0	2
3068	5	1e7	10	2	0.0	2
3069	5	1e7	5	1	0.0	2
3070	5	1e7	5	2	0.0	2
3071	5	1e7	1	1	0.0	2
3072	5	1e7	1	2	0.0	2
3073	10	1e6	10	1	0.0	2
3074	10	1e6	10	2	0.0	2
3075	10	1e6	5	1	0.0	2
3076	10	1e6	5	2	0.0	2
3077	10	1e6	1	1	0.0	2
3078	10	1e6	1	2	0.0	2
3079	10	1e7	10	1	0.0	2
3080	10	1e7	10	2	0.0	2
3081	10	1e7	5	1	0.0	2
3082	10	1e7	5	2	0.0	2
3083	10	1e7	1	1	0.0	2
3084	10	1e7	1	2	0.0	2
3085	20	1e6	10	1	0.0	2
3086	20	1e6	10	2	0.0	2
3087	20	1e6	5	1	0.0	2
3088	20	1e6	5	2	0.0	2
3089	20	1e6	1	1	0.0	2
3090	20	1e6	1	2	0.0	2
3091	20	1e7	10	1	0.0	2
3092	20	1e7	10	2	0.0	2
3093	20	1e7	5	1	0.0	2
3094	20	1e7	5	2	0.0	2
3095	20	1e7	1	1	0.0	2
3096	20	1e7	1	2	0.0	2
3097	Coal	1e6	10	1	0.0	2
3098	Coal	1e6	10	2	0.0	2
3099	Coal	1e6	5	1	0.0	2
3100	Coal	1e6	5	2	0.0	2
3101	Coal	1e6	1	1	0.0	2
3102	Coal	1e6	1	2	0.0	2
3103	Coal	1e7	10	1	0.0	2
3104	Coal	1e7	10	2	0.0	2
3105	Coal	1e7	5	1	0.0	2
3106	Coal	1e7	5	2	0.0	2
3107	Coal	1e7	1	1	0.0	2
3108	Coal	1e7	1	2	0.0	2
3109	Recap	1e6	10	1	0.0	2
3110	Recap	1e6	10	2	0.0	2
3111	Recap	1e6	5	1	0.0	2
3112	Recap	1e6	5	2	0.0	2
3113	Recap	1e6	1	1	0.0	2
3114	Recap	1e6	1	2	0.0	2
3115	Recap	1e7	10	1	0.0	2
3116	Recap	1e7	10	2	0.0	2
3117	Recap	1e7	5	1	0.0	2
3118	Recap	1e7	5	2	0.0	2
3119	Recap	1e7	1	1	0.0	2
3120	Recap	1e7	1	2	0.0	2
3121	5	1e6	10	1	0.0	3
3122	5	1e6	10	2	0.0	3
3123	5	1e6	5	1	0.0	3
3124	5	1e6	5	2	0.0	3
3125	5	1e6	1	1	0.0	3
3126	5	1e6	1	2	0.0	3
3127	5	1e7	10	1	0.0	3
3128	5	1e7	10	2	0.0	3
3129	5	1e7	5	1	0.0	3
3130	5	1e7	5	2	0.0	3
3131	5	1e7	1	1	0.0	3
3132	5	1e7	1	2	0.0	3
3133	10	1e6	10	1	0.0	3
3134	10	1e6	10	2	0.0	3
3135	10	1e6	5	1	0.0	3
3136	10	1e6	5	2	0.0	3
3137	10	1e6	1	1	0.0	3
3138	10	1e6	1	2	0.0	3
3139	10	1e7	10	1	0.0	3
3140	10	1e7	10	2	0.0	3
3141	10	1e7	5	1	0.0	3
3142	10	1e7	5	2	0.0	3
3143	10	1e7	1	1	0.0	3
3144	10	1e7	1	2	0.0	3
3145	20	1e6	10	1	0.0	3
3146	20	1e6	10	2	0.0	3
3147	20	1e6	5	1	0.0	3
3148	20	1e6	5	2	0.0	3
3149	20	1e6	1	1	0.0	3
3150	20	1e6	1	2	0.0	3
3151	20	1e7	10	1	0.0	3
3152	20	1e7	10	2	0.0	3
3153	20	1e7	5	1	0.0	3
3154	20	1e7	5	2	0.0	3
3155	20	1e7	1	1	0.0	3
3156	20	1e7	1	2	0.0	3
3157	Coal	1e6	10	1	0.0	3
3158	Coal	1e6	10	2	0.0	3
3159	Coal	1e6	5	1	0.0	3
3160	Coal	1e6	5	2	0.0	3
3161	Coal	1e6	1	1	0.0	3
3162	Coal	1e6	1	2	0.0	3
3163	Coal	1e7	10	1	0.0	3
3164	Coal	1e7	10	2	0.0	3
3165	Coal	1e7	5	1	0.0	3
3166	Coal	1e7	5	2	0.0	3
3167	Coal	1e7	1	1	0.0	3
3168	Coal	1e7	1	2	0.0	3
3169	Recap	1e6	10	1	0.0	3
3170	Recap	1e6	10	2	0.0	3
3171	Recap	1e6	5	1	0.0	3
3172	Recap	1e6	5	2	0.0	3
3173	Recap	1e6	1	1	0.0	3
3174	Recap	1e6	1	2	0.0	3
3175	Recap	1e7	10	1	0.0	3
3176	Recap	1e7	10	2	0.0	3
3177	Recap	1e7	5	1	0.0	3
3178	Recap	1e7	5	2	0.0	3
3179	Recap	1e7	1	1	0.0	3
3180	Recap	1e7	1	2	0.0	3
3181	5	1e6	10	1	0.0	4
3182	5	1e6	10	2	0.0	4
3183	5	1e6	5	1	0.0	4
3184	5	1e6	5	2	0.0	4
3185	5	1e6	1	1	0.0	4
3186	5	1e6	1	2	0.0	4
3187	5	1e7	10	1	0.0	4
3188	5	1e7	10	2	0.0	4
3189	5	1e7	5	1	0.0	4
3190	5	1e7	5	2	0.0	4
3191	5	1e7	1	1	0.0	4
3192	5	1e7	1	2	0.0	4
3193	10	1e6	10	1	0.0	4
3194	10	1e6	10	2	0.0	4
3195	10	1e6	5	1	0.0	4
3196	10	1e6	5	2	0.0	4
3197	10	1e6	1	1	0.0	4
3198	10	1e6	1	2	0.0	4
3199	10	1e7	10	1	0.0	4
3200	10	1e7	10	2	0.0	4
3201	10	1e7	5	1	0.0	4
3202	10	1e7	5	2	0.0	4
3203	10	1e7	1	1	0.0	4
3204	10	1e7	1	2	0.0	4
3205	20	1e6	10	1	0.0	4
3206	20	1e6	10	2	0.0	4
3207	20	1e6	5	1	0.0	4
3208	20	1e6	5	2	0.0	4
3209	20	1e6	1	1	0.0	4
3210	20	1e6	1	2	0.0	4
3211	20	1e7	10	1	0.0	4
3212	20	1e7	10	2	0.0	4
3213	20	1e7	5	1	0.0	4
3214	20	1e7	5	2	0.0	4
3215	20	1e7	1	1	0.0	4
3216	20	1e7	1	2	0.0	4
3217	Coal	1e6	10	1	0.0	4
3218	Coal	1e6	10	2	0.0	4
3219	Coal	1e6	5	1	0.0	4
3220	Coal	1e6	5	2	0.0	4
3221	Coal	1e6	1	1	0.0	4
3222	Coal	1e6	1	2	0.0	4
3223	Coal	1e7	10	1	0.0	4
3224	Coal	1e7	10	2	0.0	4
3225	Coal	1e7	5	1	0.0	4
3226	Coal	1e7	5	2	0.0	4
3227	Coal	1e7	1	1	0.0	4
3228	Coal	1e7	1	2	0.0	4
3229	Recap	1e6	10	1	0.0	4
3230	Recap	1e6	10	2	0.0	4
3231	Recap	1e6	5	1	0.0	4
3232	Recap	1e6	5	2	0.0	4
3233	Recap	1e6	1	1	0.0	4
3234	Recap	1e6	1	2	0.0	4
3235	Recap	1e7	10	1	0.0	4
3236	Recap	1e7	10	2	0.0	4
3237	Recap	1e7	5	1	0.0	4
3238	Recap	1e7	5	2	0.0	4
3239	Recap	1e7	1	1	0.0	4
3240	Recap	1e7	1	2	0.0	4
3241	5	1e6	10	1	0.0	5
3242	5	1e6	10	2	0.0	5
3243	5	1e6	5	1	0.0	5
3244	5	1e6	5	2	0.0	5
3245	5	1e6	1	1	0.0	5
3246	5	1e6	1	2	0.0	5
3247	5	1e7	10	1	0.0	5
3248	5	1e7	10	2	0.0	5
3249	5	1e7	5	1	0.0	5
3250	5	1e7	5	2	0.0	5
3251	5	1e7	1	1	0.0	5
3252	5	1e7	1	2	0.0	5
3253	10	1e6	10	1	0.0	5
3254	10	1e6	10	2	0.0	5
3255	10	1e6	5	1	0.0	5
3256	10	1e6	5	2	0.0	5
3257	10	1e6	1	1	0.0	5
3258	10	1e6	1	2	0.0	5
3259	10	1e7	10	1	0.0	5
3260	10	1e7	10	2	0.0	5
3261	10	1e7	5	1	0.0	5
3262	10	1e7	5	2	0.0	5
3263	10	1e7	1	1	0.0	5
3264	10	1e7	1	2	0.0	5
3265	20	1e6	10	1	0.0	5
3266	20	1e6	10	2	0.0	5
3267	20	1e6	5	1	0.0	5
3268	20	1e6	5	2	0.0	5
3269	20	1e6	1	1	0.0	5
3270	20	1e6	1	2	0.0	5
3271	20	1e7	10	1	0.0	5
3272	20	1e7	10	2	0.0	5
3273	20	1e7	5	1	0.0	5
3274	20	1e7	5	2	0.0	5
3275	20	1e7	1	1	0.0	5
3276	20	1e7	1	2	0.0	5
3277	Coal	1e6	10	1	0.0	5
3278	Coal	1e6	10	2	0.0	5
3279	Coal	1e6	5	1	0.0	5
3280	Coal	1e6	5	2	0.0	5
3281	Coal	1e6	1	1	0.0	5
3282	Coal	1e6	1	2	0.0	5
3283	Coal	1e7	10	1	0.0	5
3284	Coal	1e7	10	2	0.0	5
3285	Coal	1e7	5	1	0.0	5
3286	Coal	1e7	5	2	0.0	5
3287	Coal	1e7	1	1	0.0	5
3288	Coal	1e7	1	2	0.0	5
3289	Recap	1e6	10	1	0.0	5
3290	Recap	1e6	10	2	0.0	5
3291	Recap	1e6	5	1	0.0	5
3292	Recap	1e6	5	2	0.0	5
3293	Recap	1e6	1	1	0.0	5
3294	Recap	1e6	1	2	0.0	5
3295	Recap	1e7	10	1	0.0	5
3296	Recap	1e7	10	2	0.0	5
3297	Recap	1e7	5	1	0.0	5
3298	Recap	1e7	5	2	0.0	5
3299	Recap	1e7	1	1	0.0	5
3300	Recap	1e7	1	2	0.0	5
3301	5	1e6	10	1	0.5	1
3302	5	1e6	10	2	0.5	1
3303	5	1e6	5	1	0.5	1
3304	5	1e6	5	2	0.5	1
3305	5	1e6	1	1	0.5	1
3306	5	1e6	1	2	0.5	1
3307	5	1e7	10	1	0.5	1
3308	5	1e7	10	2	0.5	1
3309	5	1e7	5	1	0.5	1
3310	5	1e7	5	2	0.5	1
3311	5	1e7	1	1	0.5	1
3312	5	1e7	1	2	0.5	1
3313	10	1e6	10	1	0.5	1
3314	10	1e6	10	2	0.5	1
3315	10	1e6	5	1	0.5	1
3316	10	1e6	5	2	0.5	1
3317	10	1e6	1	1	0.5	1
3318	10	1e6	1	2	0.5	1
3319	10	1e7	10	1	0.5	1
3320	10	1e7	10	2	0.5	1
3321	10	1e7	5	1	0.5	1
3322	10	1e7	5	2	0.5	1
3323	10	1e7	1	1	0.5	1
3324	10	1e7	1	2	0.5	1
3325	20	1e6	10	1	0.5	1
3326	20	1e6	10	2	0.5	1
3327	20	1e6	5	1	0.5	1
3328	20	1e6	5	2	0.5	1
3329	20	1e6	1	1	0.5	1
3330	20	1e6	1	2	0.5	1
3331	20	1e7	10	1	0.5	1
3332	20	1e7	10	2	0.5	1
3333	20	1e7	5	1	0.5	1
3334	20	1e7	5	2	0.5	1
3335	20	1e7	1	1	0.5	1
3336	20	1e7	1	2	0.5	1
3337	Coal	1e6	10	1	0.5	1
3338	Coal	1e6	10	2	0.5	1
3339	Coal	1e6	5	1	0.5	1
3340	Coal	1e6	5	2	0.5	1
3341	Coal	1e6	1	1	0.5	1
3342	Coal	1e6	1	2	0.5	1
3343	Coal	1e7	10	1	0.5	1
3344	Coal	1e7	10	2	0.5	1
3345	Coal	1e7	5	1	0.5	1
3346	Coal	1e7	5	2	0.5	1
3347	Coal	1e7	1	1	0.5	1
3348	Coal	1e7	1	2	0.5	1
3349	Recap	1e6	10	1	0.5	1
3350	Recap	1e6	10	2	0.5	1
3351	Recap	1e6	5	1	0.5	1
3352	Recap	1e6	5	2	0.5	1
3353	Recap	1e6	1	1	0.5	1
3354	Recap	1e6	1	2	0.5	1
3355	Recap	1e7	10	1	0.5	1
3356	Recap	1e7	10	2	0.5	1
3357	Recap	1e7	5	1	0.5	1
3358	Recap	1e7	5	2	0.5	1
3359	Recap	1e7	1	1	0.5	1
3360	Recap	1e7	1	2	0.5	1
3361	5	1e6	10	1	0.5	2
3362	5	1e6	10	2	0.5	2
3363	5	1e6	5	1	0.5	2
3364	5	1e6	5	2	0.5	2
3365	5	1e6	1	1	0.5	2
3366	5	1e6	1	2	0.5	2
3367	5	1e7	10	1	0.5	2
3368	5	1e7	10	2	0.5	2
3369	5	1e7	5	1	0.5	2
3370	5	1e7	5	2	0.5	2
3371	5	1e7	1	1	0.5	2
3372	5	1e7	1	2	0.5	2
3373	10	1e6	10	1	0.5	2
3374	10	1e6	10	2	0.5	2
3375	10	1e6	5	1	0.5	2
3376	10	1e6	5	2	0.5	2
3377	10	1e6	1	1	0.5	2
3378	10	1e6	1	2	0.5	2
3379	10	1e7	10	1	0.5	2
3380	10	1e7	10	2	0.5	2
3381	10	1e7	5	1	0.5	2
3382	10	1e7	5	2	0.5	2
3383	10	1e7	1	1	0.5	2
3384	10	1e7	1	2	0.5	2
3385	20	1e6	10	1	0.5	2
3386	20	1e6	10	2	0.5	2
3387	20	1e6	5	1	0.5	2
3388	20	1e6	5	2	0.5	2
3389	20	1e6	1	1	0.5	2
3390	20	1e6	1	2	0.5	2
3391	20	1e7	10	1	0.5	2
3392	20	1e7	10	2	0.5	2
3393	20	1e7	5	1	0.5	2
3394	20	1e7	5	2	0.5	2
3395	20	1e7	1	1	0.5	2
3396	20	1e7	1	2	0.5	2
3397	Coal	1e6	10	1	0.5	2
3398	Coal	1e6	10	2	0.5	2
3399	Coal	1e6	5	1	0.5	2
3400	Coal	1e6	5	2	0.5	2
3401	Coal	1e6	1	1	0.5	2
3402	Coal	1e6	1	2	0.5	2
3403	Coal	1e7	10	1	0.5	2
3404	Coal	1e7	10	2	0.5	2
3405	Coal	1e7	5	1	0.5	2
3406	Coal	1e7	5	2	0.5	2
3407	Coal	1e7	1	1	0.5	2
3408	Coal	1e7	1	2	0.5	2
3409	Recap	1e6	10	1	0.5	2
3410	Recap	1e6	10	2	0.5	2
3411	Recap	1e6	5	1	0.5	2
3412	Recap	1e6	5	2	0.5	2
3413	Recap	1e6	1	1	0.5	2
3414	Recap	1e6	1	2	0.5	2
3415	Recap	1e7	10	1	0.5	2
3416	Recap	1e7	10	2	0.5	2
3417	Recap	1e7	5	1	0.5	2
3418	Recap	1e7	5	2	0.5	2
3419	Recap	1e7	1	1	0.5	2
3420	Recap	1e7	1	2	0.5	2
3421	5	1e6	10	1	0.5	3
3422	5	1e6	10	2	0.5	3
3423	5	1e6	5	1	0.5	3
3424	5	1e6	5	2	0.5	3
3425	5	1e6	1	1	0.5	3
3426	5	1e6	1	2	0.5	3
3427	5	1e7	10	1	0.5	3
3428	5	1e7	10	2	0.5	3
3429	5	1e7	5	1	0.5	3
3430	5	1e7	5	2	0.5	3
3431	5	1e7	1	1	0.5	3
3432	5	1e7	1	2	0.5	3
3433	10	1e6	10	1	0.5	3
3434	10	1e6	10	2	0.5	3
3435	10	1e6	5	1	0.5	3
3436	10	1e6	5	2	0.5	3
3437	10	1e6	1	1	0.5	3
3438	10	1e6	1	2	0.5	3
3439	10	1e7	10	1	0.5	3
3440	10	1e7	10	2	0.5	3
3441	10	1e7	5	1	0.5	3
3442	10	1e7	5	2	0.5	3
3443	10	1e7	1	1	0.5	3
3444	10	1e7	1	2	0.5	3
3445	20	1e6	10	1	0.5	3
3446	20	1e6	10	2	0.5	3
3447	20	1e6	5	1	0.5	3
3448	20	1e6	5	2	0.5	3
3449	20	1e6	1	1	0.5	3
3450	20	1e6	1	2	0.5	3
3451	20	1e7	10	1	0.5	3
3452	20	1e7	10	2	0.5	3
3453	20	1e7	5	1	0.5	3
3454	20	1e7	5	2	0.5	3
3455	20	1e7	1	1	0.5	3
3456	20	1e7	1	2	0.5	3
3457	Coal	1e6	10	1	0.5	3
3458	Coal	1e6	10	2	0.5	3
3459	Coal	1e6	5	1	0.5	3
3460	Coal	1e6	5	2	0.5	3
3461	Coal	1e6	1	1	0.5	3
3462	Coal	1e6	1	2	0.5	3
3463	Coal	1e7	10	1	0.5	3
3464	Coal	1e7	10	2	0.5	3
3465	Coal	1e7	5	1	0.5	3
3466	Coal	1e7	5	2	0.5	3
3467	Coal	1e7	1	1	0.5	3
3468	Coal	1e7	1	2	0.5	3
3469	Recap	1e6	10	1	0.5	3
3470	Recap	1e6	10	2	0.5	3
3471	Recap	1e6	5	1	0.5	3
3472	Recap	1e6	5	2	0.5	3
3473	Recap	1e6	1	1	0.5	3
3474	Recap	1e6	1	2	0.5	3
3475	Recap	1e7	10	1	0.5	3
3476	Recap	1e7	10	2	0.5	3
3477	Recap	1e7	5	1	0.5	3
3478	Recap	1e7	5	2	0.5	3
3479	Recap	1e7	1	1	0.5	3
3480	Recap	1e7	1	2	0.5	3
3481	5	1e6	10	1	0.5	4
3482	5	1e6	10	2	0.5	4
3483	5	1e6	5	1	0.5	4
3484	5	1e6	5	2	0.5	4
3485	5	1e6	1	1	0.5	4
3486	5	1e6	1	2	0.5	4
3487	5	1e7	10	1	0.5	4
3488	5	1e7	10	2	0.5	4
3489	5	1e7	5	1	0.5	4
3490	5	1e7	5	2	0.5	4
3491	5	1e7	1	1	0.5	4
3492	5	1e7	1	2	0.5	4
3493	10	1e6	10	1	0.5	4
3494	10	1e6	10	2	0.5	4
3495	10	1e6	5	1	0.5	4
3496	10	1e6	5	2	0.5	4
3497	10	1e6	1	1	0.5	4
3498	10	1e6	1	2	0.5	4
3499	10	1e7	10	1	0.5	4
3500	10	1e7	10	2	0.5	4
3501	10	1e7	5	1	0.5	4
3502	10	1e7	5	2	0.5	4
3503	10	1e7	1	1	0.5	4
3504	10	1e7	1	2	0.5	4
3505	20	1e6	10	1	0.5	4
3506	20	1e6	10	2	0.5	4
3507	20	1e6	5	1	0.5	4
3508	20	1e6	5	2	0.5	4
3509	20	1e6	1	1	0.5	4
3510	20	1e6	1	2	0.5	4
3511	20	1e7	10	1	0.5	4
3512	20	1e7	10	2	0.5	4
3513	20	1e7	5	1	0.5	4
3514	20	1e7	5	2	0.5	4
3515	20	1e7	1	1	0.5	4
3516	20	1e7	1	2	0.5	4
3517	Coal	1e6	10	1	0.5	4
3518	Coal	1e6	10	2	0.5	4
3519	Coal	1e6	5	1	0.5	4
3520	Coal	1e6	5	2	0.5	4
3521	Coal	1e6	1	1	0.5	4
3522	Coal	1e6	1	2	0.5	4
3523	Coal	1e7	10	1	0.5	4
3524	Coal	1e7	10	2	0.5	4
3525	Coal	1e7	5	1	0.5	4
3526	Coal	1e7	5	2	0.5	4
3527	Coal	1e7	1	1	0.5	4
3528	Coal	1e7	1	2	0.5	4
3529	Recap	1e6	10	1	0.5	4
3530	Recap	1e6	10	2	0.5	4
3531	Recap	1e6	5	1	0.5	4
3532	Recap	1e6	5	2	0.5	4
3533	Recap	1e6	1	1	0.5	4
3534	Recap	1e6	1	2	0.5	4
3535	Recap	1e7	10	1	0.5	4
3536	Recap	1e7	10	2	0.5	4
3537	Recap	1e7	5	1	0.5	4
3538	Recap	1e7	5	2	0.5	4
3539	Recap	1e7	1	1	0.5	4
3540	Recap	1e7	1	2	0.5	4
3541	5	1e6	10	1	0.5	5
3542	5	1e6	10	2	0.5	5
3543	5	1e6	5	1	0.5	5
3544	5	1e6	5	2	0.5	5
3545	5	1e6	1	1	0.5	5
3546	5	1e6	1	2	0.5	5
3547	5	1e7	10	1	0.5	5
3548	5	1e7	10	2	0.5	5
3549	5	1e7	5	1	0.5	5
3550	5	1e7	5	2	0.5	5
3551	5	1e7	1	1	0.5	5
3552	5	1e7	1	2	0.5	5
3553	10	1e6	10	1	0.5	5
3554	10	1e6	10	2	0.5	5
3555	10	1e6	5	1	0.5	5
3556	10	1e6	5	2	0.5	5
3557	10	1e6	1	1	0.5	5
3558	10	1e6	1	2	0.5	5
3559	10	1e7	10	1	0.5	5
3560	10	1e7	10	2	0.5	5
3561	10	1e7	5	1	0.5	5
3562	10	1e7	5	2	0.5	5
3563	10	1e7	1	1	0.5	5
3564	10	1e7	1	2	0.5	5
3565	20	1e6	10	1	0.5	5
3566	20	1e6	10	2	0.5	5
3567	20	1e6	5	1	0.5	5
3568	20	1e6	5	2	0.5	5
3569	20	1e6	1	1	0.5	5
3570	20	1e6	1	2	0.5	5
3571	20	1e7	10	1	0.5	5
3572	20	1e7	10	2	0.5	5
3573	20	1e7	5	1	0.5	5
3574	20	1e7	5	2	0.5	5
3575	20	1e7	1	1	0.5	5
3576	20	1e7	1	2	0.5	5
3577	Coal	1e6	10	1	0.5	5
3578	Coal	1e6	10	2	0.5	5
3579	Coal	1e6	5	1	0.5	5
3580	Coal	1e6	5	2	0.5	5
3581	Coal	1e6	1	1	0.5	5
3582	Coal	1e6	1	2	0.5	5
3583	Coal	1e7	10	1	0.5	5
3584	Coal	1e7	10	2	0.5	5
3585	Coal	1e7	5	1	0.5	5
3586	Coal	1e7	5	2	0.5	5
3587	Coal	1e7	1	1	0.5	5
3588	Coal	1e7	1	2	0.5	5
3589	Recap	1e6	10	1	0.5	5
3590	Recap	1e6	10	2	0.5	5
3591	Recap	1e6	5	1	0.5	5
3592	Recap	1e6	5	2	0.5	5
3593	Recap	1e6	1	1	0.5	5
3594	Recap	1e6	1	2	0.5	5
3595	Recap	1e7	10	1	0.5	5
3596	Recap	1e7	10	2	0.5	5
3597	Recap	1e7	5	1	0.5	5
3598	Recap	1e7	5	2	0.5	5
3599	Recap	1e7	1	1	0.5	5
3600	Recap	1e7	1	2	0.5	5
